,flock_gcm,avg_sheep_dist_from_gcm,furthest_sheep_from_gcm
0,"[125.51571071339997, 122.63561068249997]",57.956079290800766,98.78683272953869
1,"[125.5294775278, 122.67600008329998]",57.93951290161677,98.82406023282113
2,"[125.5277349385, 122.6800573466]",57.883149582113134,98.82547477935731
3,"[125.5278855802, 122.6980362847]",57.849851485254206,98.8376013553379
4,"[125.5422935424, 122.7455813381]",57.82786268323708,98.88009718936985
5,"[125.5836603947, 122.79239531029998]",57.80505748509908,98.94215760211415
6,"[125.59831335300001, 122.79860723259999]",57.82538515043087,98.95720762833545
7,"[125.6079358947, 122.8119768134]",57.806167388128614,98.97330171847227
8,"[125.61020690170002, 122.85326267640002]",57.773706318710204,99.00259614594059
9,"[125.63310375680003, 122.90305077710002]",57.71953848473281,99.05291809268027
10,"[125.64710872730002, 122.94199530750002]",57.650249466952445,99.089381221303
11,"[125.64969760720005, 122.98428888650001]",57.60597729873243,99.11960702925558
12,"[125.66791542250003, 123.06209339060003]",57.56002368873215,99.18522722563544
13,"[125.66581020490003, 123.1369321973]",57.49827293435663,99.23379458095373
14,"[125.66090629820006, 123.18908190939999]",57.47291961072643,99.26510665281337
15,"[125.63801065600002, 123.23942452109999]",57.428155316230324,99.2818798620281
16,"[125.64835688780002, 123.3280601077]",57.39830859007085,99.34902456036977
17,"[125.6474777014, 123.39741265229999]",57.33164740209769,99.39493628059208
18,"[125.64724000189999, 123.47983982609999]",57.27868263575049,99.45013657365784
19,"[125.66727825310001, 123.5434794685]",57.222884996293494,99.50774971126717
20,"[125.70461516990001, 123.63102067860001]",57.166761333918195,99.59425131201301
21,"[125.72795715939999, 123.72145575020001]",57.12247986034673,99.67236398340242
22,"[125.7439811092, 123.82322929380001]",57.045007960768444,99.75272827068207
23,"[125.7707861411, 123.94360029899997]",56.9718239201681,99.85363280236278
24,"[125.79600318870001, 124.01795784690003]",56.90368896190541,99.92238450274475
25,"[125.81377795509998, 124.12312624690004]",56.83759203323845,100.00644336706019
26,"[125.8137586965, 124.25278737330001]",56.74430860443284,100.09396293380719
27,"[125.83311544139998, 124.37241739720001]",56.65167748734965,100.18906889207685
28,"[125.84532421300003, 124.46917785049999]",56.604585469860915,100.26349561124762
29,"[125.83406579740002, 124.60315373220001]",56.51777140412203,100.34589038260434
30,"[125.86637649810001, 124.70145836460001]",56.46036139752524,100.43625220658913
31,"[125.88303301860002, 124.81298443030002]",56.35518186727839,100.52409824805149
32,"[125.89724480470001, 124.9472584661]",56.238070070181664,100.62563793539992
33,"[125.92908146669997, 125.07155604479998]",56.14413873476691,100.73341188886499
34,"[125.9634334456, 125.22287112240002]",56.041579889846595,100.86144666273437
35,"[125.9963300054, 125.38563258279999]",55.99781250507349,100.99628156947624
36,"[126.03564919330002, 125.51061277350003]",55.92443446311326,101.1101740192508
37,"[126.0656071034, 125.64449339670004]",55.82143386222815,101.22332483027854
38,"[126.09884694189998, 125.80840599090001]",55.701572106807525,101.3594249725718
39,"[126.09203672520002, 125.9639213179]",55.566935824334166,101.46063363399954
40,"[126.09258347940002, 126.09248870680003]",55.46445401376974,101.54891520658126
41,"[126.06368411900004, 126.24782062110002]",55.33821805199098,100.64769361401038
42,"[126.02743859160002, 126.42667973950005]",55.21992397829049,100.74364013800889
43,"[125.98780167780004, 126.55919624140004]",55.11023471171715,100.80557602691152
44,"[125.97744139240005, 126.71676668520001]",55.00927922058527,100.90615083377136
45,"[125.98713195650004, 126.88194503459998]",54.919951236595026,101.02666453261307
46,"[125.95807451349998, 127.05448051260001]",54.773783059031594,101.12426041908319
47,"[125.9562814013, 127.17870183390005]",54.6710175185829,101.20851687725133
48,"[125.9299908431, 127.32225539020001]",54.58823086180576,101.28845622612879
49,"[125.89383998250003, 127.44785740720006]",54.463960300999524,101.34901234315832
50,"[125.8592249562, 127.59337324270005]",54.339516058678285,101.42458323450212
51,"[125.82307997129998, 127.74988843950001]",54.186102705459234,101.50683333919818
52,"[125.79146277539998, 127.88321663680004]",54.0691616288413,101.57645055162186
53,"[125.78821635040005, 128.02982176470002]",53.9667160700412,101.6758408877031
54,"[125.77841169450002, 128.16327359789997]",53.83728563184813,101.76148835689239
55,"[125.75781686359998, 128.3092384223]",53.73644409150031,101.84819588159034
56,"[125.74765130779998, 128.4609715344]",53.62216225826436,101.9465432953778
57,"[125.7375640409, 128.60319758950004]",53.513024245545054,102.03844796863885
58,"[125.6862625251, 128.7220180795]",53.42308232378261,102.0846223663123
59,"[125.65727737409998, 128.856925872]",53.31885291179511,102.15814322813276
60,"[125.59733405659993, 128.9954856499]",53.18731203269501,101.84405660039297
61,"[125.53593863949996, 129.12401939100002]",53.08056647211687,101.88905940270227
62,"[125.51187494649997, 129.2643693394]",53.01319336721983,101.96928610687662
63,"[125.45793806919995, 129.41758185779995]",52.93953964870752,102.0371614557142
64,"[125.41817256259998, 129.53045510049995]",52.830287339703126,102.08728112575977
65,"[125.35578416789997, 129.67278031970002]",52.7377437367076,102.14187476205642
66,"[125.3197456477, 129.8196561108]",52.61406840492165,102.21869730639115
67,"[125.2661777096, 129.94644389089999]",52.53843501093933,102.2691057255214
68,"[125.16688003869996, 130.0595096083]",52.41098672339247,102.27744037538478
69,"[125.04670273479998, 130.2017185853]",52.28063498850909,103.27448894455152
70,"[124.93381802039998, 130.328141118]",52.15194196401585,103.28335672044152
71,"[124.85479803220001, 130.47907246450004]",52.030180487595445,103.33378960336393
72,"[124.75917865680003, 130.592472589]",51.880350950802075,103.34620648445535
73,"[124.61813402649999, 130.72023367090003]",51.71703700507123,103.33692371123546
74,"[124.4866379562, 130.83353108640003]",51.58078141868189,103.32445982464306
75,"[124.35558535930002, 130.93516225100004]",51.448731664620574,103.30430926158944
76,"[124.23294581570002, 131.04084975580002]",51.33335356501164,103.29321852194538
77,"[124.08884547310001, 131.13946587150002]",51.19460846123443,103.2622865393434
78,"[124.00479116479997, 131.20383978949997]",51.06726162914454,103.24926343850699
79,"[123.85265374730001, 131.2776566117]",50.94356710871287,103.19544911841705
80,"[123.69404600380001, 131.32950595630004]",50.822836755165866,103.12164461165251
81,"[123.54418489090006, 131.3639154038]",50.71921669352278,103.04166319192564
82,"[123.36215034200002, 131.42202017120002]",50.614187265010166,102.95643801372066
83,"[123.19973191300004, 131.43686363100002]",50.48966817158054,102.85405063271703
84,"[123.00124995960003, 131.46903879440003]",50.37614286406525,102.73924145062749
85,"[122.82941091560002, 131.4642191535]",50.27364249400759,102.61651615417605
86,"[122.63756900240006, 131.52439685490006]",50.16905202163916,102.52696922417586
87,"[122.46838565990001, 131.5283974504]",50.08980904331691,102.41280549130362
88,"[122.28069900720004, 131.5523208386]",49.99978340765798,102.30043056907014
89,"[122.05834311500008, 131.5917628195]",49.92996154059538,102.1756354015498
90,"[121.87655052880007, 131.6426139911]",49.864014311310605,102.08736742182874
91,"[121.70428715080004, 131.68467376650003]",49.779662122000225,101.99952512160127
92,"[121.57089200970003, 131.71616237710003]",49.73852405083496,101.93087609920092
93,"[121.40873651890003, 131.75646261140002]",49.66894786655972,101.84908606638008
94,"[121.2842758835, 131.8144051382]",49.615201401582326,101.80615468540805
95,"[121.20021772000001, 131.85094455780003]",49.586835937091955,101.77536039710719
96,"[121.11459604310001, 131.89285950750002]",49.53996305514438,101.74750010986611
97,"[121.05199958359995, 131.942108574]",49.527167281184774,101.74078902373057
98,"[120.95028582129999, 131.9847660867]",49.489190140468146,101.70266042947793
99,"[120.88795396249998, 132.04259485639997]",49.461978739416246,101.70255703882812
100,"[120.80827733579996, 132.0805099631]",49.43173469647857,101.67612946958373
101,"[120.74087441529998, 132.1111685622]",49.43514179960825,101.65278865525629
102,"[120.67808388159996, 132.14624119430005]",49.41577977587237,101.63586880383704
103,"[120.58251139479998, 132.18376225890003]",49.36489250444424,101.59855315812983
104,"[120.48059425219998, 132.21971800220004]",49.30751704055119,101.55587678670851
105,"[120.3844021029, 132.23947753870004]",49.262434646465266,101.50525367689332
106,"[120.2821824079, 132.24109610090002]",49.21075341595495,101.43726288258992
107,"[120.17759139119998, 132.26131481070004]",49.193496465090355,101.38143468116255
108,"[120.08299054310001, 132.30440467760005]",49.147424612771594,101.34930391657159
109,"[119.98390529230001, 132.35360751200005]",49.09018867449098,101.31875896827326
110,"[119.894653524, 132.36969613190004]",49.05114194234697,101.27047900586359
111,"[119.80807039719998, 132.39522072310004]",48.99684391194321,101.23103112466828
112,"[119.71390389509999, 132.41338678920005]",48.943359483355955,101.181102434812
113,"[119.6275388379, 132.45425612420004]",48.91068172804878,101.15329572902809
114,"[119.53427404279999, 132.45983312040005]",48.86675119685522,101.09478290897528
115,"[119.4398232808, 132.48968369070008]",48.83183943322867,101.05352881541697
116,"[119.36491245319999, 132.51851441280007]",48.81789126012352,101.02469275376347
117,"[119.30783260959998, 132.55975951390008]",48.801971177883864,101.01707280053229
118,"[119.26670034819999, 132.57406476030008]",48.78867265929179,101.0001584593737
119,"[119.23595733419998, 132.58853301130006]",48.76580246617783,100.99033295452871
120,"[119.20752544119999, 132.58214374770006]",48.79604389028567,101.96251966758832
121,"[119.18191155250001, 132.59934105290006]",48.80932828627091,101.95819632076785
122,"[119.16196439349999, 132.59040164530006]",48.80985276775817,101.93821782516387
123,"[119.1352437188, 132.62958965980005]",48.817846516112475,101.94953558905756
124,"[119.11596481099997, 132.64513282230007]",48.84636016923046,101.94823515353548
125,"[119.09272741309996, 132.69226149580004]",48.860355117522914,102.09624553588013
126,"[119.089265926, 132.7052365851001]",48.84819794025488,102.43531973204266
127,"[119.06929677509996, 132.71200992840005]",48.8782308900298,102.19615634620115
128,"[119.07312733669998, 132.76610271930005]",48.89201103521035,102.16914644703984
129,"[119.03342075919996, 132.83984488080006]",48.92348073094234,102.30577743057574
130,"[119.01391475599998, 132.84534378480004]",48.937848728729584,102.9492524016159
131,"[119.0274170015, 132.87935399360006]",48.93562167793359,103.35738249107638
132,"[118.9893353984, 132.88112257870006]",48.93762128169388,103.50161432651774
133,"[119.0127518653, 132.88569713590005]",48.92474183351155,104.19204944353477
134,"[119.00684913910001, 132.93496663570005]",48.961903560988766,105.10862665187754
135,"[119.00842546720001, 132.95398298210003]",48.96940665764448,105.22932883491174
136,"[118.97126404280002, 132.98209709320005]",48.99088487389005,105.61119446483042
137,"[118.973656621, 133.01152028290005]",49.00369067566793,105.81990992661713
138,"[118.978322222, 133.02379862020004]",49.032860975081704,106.74602744180535
139,"[118.97275702430002, 133.05241729080004]",49.05679589712397,107.68478960643581
140,"[118.9571851129, 133.07413345460003]",49.065623929525124,107.70860908612602
141,"[118.95380265820002, 133.0915351179]",49.05535353802545,107.58997109860174
142,"[118.94874880370004, 133.08316774780005]",49.058506846007056,107.72531339176287
143,"[118.91257427070005, 133.09867575670006]",49.080601337510764,108.10257029994543
144,"[118.88732367760005, 133.13849197830004]",49.10367921372083,108.3650457863718
145,"[118.87421208690003, 133.15697823500005]",49.08646337767442,107.609641423912
146,"[118.85553188890005, 133.1329178651]",49.06369855040476,107.43477742388153
147,"[118.84678439870004, 133.15946793430004]",49.05657460797235,107.04407812474491
148,"[118.81171865990004, 133.1644441605]",49.064227370343076,107.76252245469817
149,"[118.79820051099999, 133.21355704470005]",49.07691478634171,107.56280356223317
150,"[118.7698852173, 133.24339557630003]",49.07278508610307,107.24554764414614
151,"[118.72607767710001, 133.28097362970001]",49.06843629494574,107.56083145730504
152,"[118.72281252330002, 133.29308355890004]",49.06933768630926,107.96257105023217
153,"[118.72552933540003, 133.31067558190003]",49.056925951921656,107.51345633086758
154,"[118.69058084070004, 133.29250944100002]",49.05612351866047,107.04065788945289
155,"[118.67597528560003, 133.30104822900003]",49.05746081422781,107.32942514614864
156,"[118.64950473240006, 133.28900936990001]",49.04095313629552,106.81460466593106
157,"[118.64813971050002, 133.31140050630003]",49.04916876888716,106.95890667830034
158,"[118.61718577730004, 133.30663034980003]",49.034772034502055,106.13260334936979
159,"[118.59839318840005, 133.27413995950002]",49.01240444800048,105.44075947117899
160,"[118.57131925320003, 133.25296567830006]",49.01680656006747,105.05688330123972
161,"[118.54650253190005, 133.25428333240004]",49.00742162434836,105.51525704762433
162,"[118.46984340250003, 133.26649738350005]",48.981619891186284,105.0568723859643
163,"[118.4450175827, 133.2461252754]",48.94005389763792,104.4397462903883
164,"[118.41092302450002, 133.22828887280002]",48.92193586829316,104.34503981071958
165,"[118.38462250640004, 133.23555498040002]",48.92443782830904,103.7206281201898
166,"[118.30993427260002, 133.24218006420003]",48.92436286613285,104.03524105952253
167,"[118.25537518699998, 133.20221394240002]",48.90828951336949,103.30063628118847
168,"[118.18966615629999, 133.17702965690003]",48.877684267340626,102.35815141064406
169,"[118.16494279799994, 133.17883848870005]",48.84206977761366,102.1708674446583
170,"[118.12700418929995, 133.14224266950006]",48.83828805542044,102.3066684917104
171,"[118.10475177899994, 133.13196277760005]",48.811258088410504,101.76191971061613
172,"[118.06542822649998, 133.10255997890002]",48.78620266183683,101.71392009684915
173,"[118.05734488699996, 133.1010737638]",48.79385415364473,101.70749050323543
174,"[118.0476180411, 133.0872624192]",48.73367570399323,101.69068714929782
175,"[118.01126339689999, 133.06076496420002]",48.70577512130273,101.64682967615147
176,"[117.98518299549997, 133.030198135]",48.6822972776153,101.60665063565833
177,"[117.9800338782, 132.98263046130003]",48.64527258609041,101.56739914542038
178,"[117.95924655639999, 132.9189667549]",48.5924792523228,101.5057459382078
179,"[117.9355378604, 132.8989514939]",48.54308724215958,101.47507959441351
180,"[117.92591742050001, 132.8320504212]",48.4999753947289,101.41833188228583
181,"[117.89981765970002, 132.78374514040001]",48.427855892488154,101.36477330978104
182,"[117.8916361399, 132.7124395912]",48.37732636311784,101.30567184998387
183,"[117.88012364330002, 132.65844569659998]",48.32933357768264,101.25743161519783
184,"[117.86601400170002, 132.6103115697]",48.26934222813309,101.21190138251211
185,"[117.84884566910004, 132.5430039064]",48.25647074241542,101.14992852661277
186,"[117.79379625749999, 132.50697922479998]",48.23438665471761,101.08657318471356
187,"[117.76216626959999, 132.4484477348]",48.203831437610035,101.02168981321
188,"[117.75119135280002, 132.3886163377]",48.16840473251851,100.96943062209472
189,"[117.7537112793, 132.31287242769997]",48.08226718492668,100.91410077886613
190,"[117.71642887309997, 132.2441738185]",48.02365416276225,100.83785966268618
191,"[117.71100464209998, 132.20533874029996]",47.98276310074059,100.80507865287045
192,"[117.70595614189999, 132.1306399021]",47.950485812446715,100.74558910798045
193,"[117.70831458749998, 132.10462991970005]",47.908138445601416,100.72759514712672
194,"[117.69075001019998, 132.05342939740004]",47.848445133215534,100.67753035770309
195,"[117.69041459749995, 131.9870991226]",47.79224530615792,100.62747643854573
196,"[117.68039000979999, 131.90111209379998]",47.72596550409145,100.55628280178188
197,"[117.67297970529998, 131.83427844009998]",47.72405832554636,100.50121600928779
198,"[117.65467088249997, 131.76327730399996]",47.667043550529314,100.43583238960724
199,"[117.64228518589996, 131.61375192260002]",47.55065383897916,100.3154897365875
200,"[117.6292875865, 131.5323852698]",47.450308627762425,100.24589395029352
201,"[117.58229341810002, 131.4179532143]",47.35687986818773,100.12902746158701
202,"[117.54540638179998, 131.3038609594]",47.245445335087794,100.01912974491846
203,"[117.53141661020003, 131.17572484929994]",47.14564589077953,99.91392848244125
204,"[117.4927018261, 131.03253948829996]",47.03129827113606,99.78111488360521
205,"[117.49349290800002, 130.92212843579998]",46.93474861457088,99.69908637939332
206,"[117.49622213430001, 130.85590184959997]",46.882864848293906,99.65140908892059
207,"[117.49945316920002, 130.72625372049998]",46.79913819707142,99.55673047845698
208,"[117.44660001800004, 130.6034846035]",46.67320915207742,99.42992138414466
209,"[117.40468897120002, 130.4372301729]",46.56072200673318,99.27798488758432
210,"[117.39452228220001, 130.3797419149]",46.516276962708815,99.22834514321526
211,"[117.34986964460002, 130.26184549779998]",46.440618365590545,98.70914016031695
212,"[117.34761223910002, 130.1403342453]",46.36540340668136,98.61785294943414
213,"[117.34066841559998, 130.03076349680003]",46.308997937812926,98.53228008083929
214,"[117.3186951837, 129.9899200862]",46.266732245667455,98.48731075287876
215,"[117.298236991, 129.9576372324]",46.24385659625103,98.44968180641314
216,"[117.258437352, 129.9072889758]",46.20810743064857,98.38566892398327
217,"[117.21723758609997, 129.8536204041]",46.18363687227613,98.31826140196863
218,"[117.24269539239995, 129.7903936266]",46.16397936440064,98.28881602711955
219,"[117.19094865359995, 129.72775067860002]",46.09232679241462,98.2076706541369
220,"[117.18846726049996, 129.67441863520003]",46.077012587679164,98.16667584678434
221,"[117.19961410599997, 129.6526635223]",46.02851729126032,98.15817507220639
222,"[117.19473111549998, 129.6054355652]",46.00687810468687,98.1200734431804
223,"[117.18421568599996, 129.5196653873]",45.970433208508865,98.04978384797323
224,"[117.17271392679997, 129.4955288689]",45.93560802214975,98.02422834184895
225,"[117.19514245449993, 129.41404363]",45.88300806878306,97.97942653039604
226,"[117.20531790769998, 129.42883974199998]",45.85202361049264,97.99720460730558
227,"[117.1969173753, 129.3559747593]",45.77253259043657,97.93790569615385
228,"[117.21434106789998, 129.3097625684]",45.782093562924956,97.91572579661339
229,"[117.2351251955, 129.32719788340003]",45.76716004429302,97.9426324031576
230,"[117.24783766870002, 129.28108770350002]",45.76063010018873,97.91735423048493
231,"[117.25056382589999, 129.22443270530002]",45.74464647805267,97.87757098340207
232,"[117.2631078228, 129.1893942625]",45.71156788002203,97.86034365079571
233,"[117.2592387931, 129.1262204401]",45.70000811349206,97.81132693103255
234,"[117.23163121729998, 129.1484760994]",45.69079867964671,98.07317818482744
235,"[117.2544860074, 129.1392290817]",45.67910114960195,98.08212720864412
236,"[117.2285781995, 129.1207746376]",45.681304460175845,98.05092676903449
237,"[117.24523638909999, 129.1106375405]",45.69638423449902,98.05498039366095
238,"[117.24547383590001, 129.110487404]",45.683990447084724,98.05503409691829
239,"[117.2392032939, 129.11475301339996]",45.673173819379244,98.05383496986393
240,"[117.22688728710006, 129.09876897749996]",45.656586229829635,98.03375644513639
241,"[117.20583224500004, 129.08701345079996]",45.66134837164811,98.0107585821644
242,"[117.20900104840004, 129.075887006]",45.659521429306345,98.00483794694013
243,"[117.2201001636, 129.05576668019995]",45.640132701884426,97.99781851824442
244,"[117.22314891799999, 129.01348081039998]",45.63300593384898,97.96915995726428
245,"[117.22466734439999, 129.01082936129998]",45.62634061886254,97.96827452474008
246,"[117.1956810721, 128.97610096289998]",45.622874036582246,97.92312358483342
247,"[117.19995245979997, 128.92485247919996]",45.5854433266637,97.88880224611445
248,"[117.2027400261, 128.88812064219997]",45.54968352294693,97.86402380323491
249,"[117.199774023, 128.88066299419995]",45.52764842119187,97.85656724022878
250,"[117.17795386939999, 128.82799864979998]",45.51371627564831,97.8033118979756
251,"[117.20184366920003, 128.7975988976]",45.47617381834967,97.79765303853563
252,"[117.19716701750002, 128.7720940787]",45.444655277704356,97.77591773830223
253,"[117.20944297940001, 128.73251820360002]",45.41365432420889,97.75563017459531
254,"[117.21578197600002, 128.6876989172]",45.409166871553346,97.72746599733848
255,"[117.26003970190003, 128.63115305399998]",45.37296014937951,97.71691892063649
256,"[117.2618855769, 128.6000378767]",45.327050820469424,97.69563185938662
257,"[117.28278598790001, 128.54916088649998]",45.297377849676415,97.67316013965198
258,"[117.2847220309, 128.5143672261]",45.24103099271136,97.64928758938443
259,"[117.3058817747, 128.4811310355]",45.22608763964863,97.76375637702758
260,"[117.3113316722, 128.41357896019997]",45.175912740580635,97.71572872323291
261,"[117.36102956559996, 128.3945567577]",45.10767783456336,97.73335597191854
262,"[117.39148481839995, 128.3854416082]",45.075668555861,97.74610875975334
263,"[117.39453481919996, 128.37047043299998]",45.05118428122059,97.96195371599191
264,"[117.41462139339997, 128.3709685996]",45.064894737073836,97.97605226965277
265,"[117.40608425329998, 128.3531109899]",45.057141149701984,97.95718498048582
266,"[117.41815608689998, 128.35331112479997]",45.07645543810688,97.9655871929964
267,"[117.39788015039998, 128.32530917100001]",45.06689164441414,97.93129135997266
268,"[117.40628868069999, 128.3073357754]",45.06747122340123,97.92393294779832
269,"[117.44312735569999, 128.293172395]",45.038788185550494,97.93881175429925
270,"[117.42664367599997, 128.2853050356]",45.03637445384857,97.92179443006152
271,"[117.45449360919999, 128.28758513420001]",45.03428113441739,97.94251780965169
272,"[117.46423127579999, 128.3060174093]",45.02736948849413,97.96262085973899
273,"[117.4722371269, 128.30149154440002]",45.03620608956584,97.9648011993292
274,"[117.48364296499999, 128.3243706876]",45.03254811360764,97.98928783253031
275,"[117.45734134069997, 128.34270359960001]",45.039050241198204,97.98465626031768
276,"[117.48090032089998, 128.359101151]",45.055042883636325,98.01273431831859
277,"[117.4750452862, 128.3681142595]",45.042728554714785,98.0153011198136
278,"[117.4794101058, 128.3496763743]",45.03346421986375,98.00484191040762
279,"[117.4499146434, 128.381710848]",45.05701981856418,98.00802697423049
280,"[117.43617877480001, 128.39912608499998]",45.051917504927275,98.01133870599868
281,"[117.42392465450003, 128.3984634466]",45.06084529127806,98.00247596898666
282,"[117.44829707620002, 128.39169219]",45.06339288874235,97.78764394124384
283,"[117.44561447390004, 128.3973762609]",45.04793380674108,97.79023966585666
284,"[117.45297449150003, 128.4178638217]",45.048067806968135,97.81062010108852
285,"[117.42936297060004, 128.4298611542]",45.073898618272,97.80448539729926
286,"[117.43566078860003, 128.46024934410002]",45.06325597313751,97.83173046208358
287,"[117.42047164190004, 128.4744922517]",45.043638824060146,97.83276650872864
288,"[117.40083290960003, 128.473347974]",45.05381940210731,97.819192590965
289,"[117.37881421630003, 128.4922229302]",45.05887686537017,97.81935473588267
290,"[117.37352063760004, 128.47301995010002]",45.07246651791187,97.80128212290664
291,"[117.39580238620002, 128.47634366690002]",45.0523311117144,97.81822458288258
292,"[117.39023243550004, 128.49024510810003]",45.05952009628507,97.82522767880212
293,"[117.38066375200002, 128.46187134080003]",45.058052189798566,97.79739593804817
294,"[117.36813737390003, 128.44940094670002]",45.067439909587705,97.40493069411278
295,"[117.39408171300002, 128.4464225393]",45.071367991652835,97.42031019499692
296,"[117.4118411219, 128.41365984910001]",45.07307285289263,97.40824282335586
297,"[117.41965790779999, 128.4115801102]",45.05105247335816,97.4120102206303
298,"[117.41591304129999, 128.40954081849998]",45.08174004784312,97.40797285339565
299,"[117.4335391598, 128.37441211269999]",45.039533149554245,97.39409062525071
300,"[117.4179814682, 128.35370126159998]",44.99027994633376,97.36831850263113
301,"[117.4231934161, 128.3384254771]",44.96625769778875,97.36062341720921
302,"[117.41018441630001, 128.3043114015]",44.95253240983408,97.32672915969785
303,"[117.4266432733, 128.2941406899]",44.94030334947493,97.33041786135497
304,"[117.44271484120002, 128.28353345569997]",44.948145061926255,97.33352682276882
305,"[117.4516666839, 128.31275711709998]",44.944954644192784,97.36107042313319
306,"[117.46051333379997, 128.32073852489998]",44.953144460556835,97.37293578394245
307,"[117.45904518809999, 128.326654867]",44.93669232688191,97.37628700956003
308,"[117.4479195693, 128.3091973474]",44.94331971248234,97.35591307378284
309,"[117.44147601769998, 128.32004730129998]",44.962942715300294,97.35951500260506
310,"[117.44080338469999, 128.3418906883]",44.93667301128431,97.37511136518435
311,"[117.4280710791, 128.3331930208]",44.919360839884604,97.36008500463898
312,"[117.44524631899999, 128.3512323097]",44.90006536411351,97.38498986560406
313,"[117.44239555499999, 128.3308357958]",44.94418670557154,97.36806670150433
314,"[117.44074161139999, 128.3297090583]",44.940230331299254,97.36611698917436
315,"[117.44719967469997, 128.360662197]",44.94021132191613,97.39324522201696
316,"[117.44787425339999, 128.3599555109]",44.948691766822805,97.39318322042577
317,"[117.41632206319997, 128.33504648230002]",44.94231948421153,98.3522940550151
318,"[117.41730313249998, 128.3578078178]",44.95141091980734,98.36968347660842
319,"[117.40402414959999, 128.3455358159]",44.936877594747514,98.3516591054936
320,"[117.3798830279, 128.3158574533]",44.955657172112176,98.31347689815226
321,"[117.36453225869998, 128.3195991844]",44.95281042226926,98.30581502700845
322,"[117.34339140840001, 128.31208987269997]",44.96445370617743,98.28595964410425
323,"[117.32417661360002, 128.3164409966]",44.92775996034165,98.27612935340056
324,"[117.31640895400001, 128.31965860129998]",44.900230337158135,98.27322855651245
325,"[117.3232934743, 128.2910948268]",44.90577218302164,98.25690050968048
326,"[117.3079470103, 128.28658190069999]",44.88345844485522,98.24317751761865
327,"[117.3295014517, 128.2538341698]",44.87168629064345,98.23372934255875
328,"[117.33020219409998, 128.2363032392]",44.855378322707494,98.26390100788245
329,"[117.31068451709999, 128.21395024429998]",44.860561002690574,98.23423079379249
330,"[117.31365408319998, 128.20721392839997]",44.848451741618184,98.23122815608578
331,"[117.33933598829998, 128.25788251419996]",44.81584500942554,98.2860311051554
332,"[117.33928818749997, 128.23771305149995]",44.77502036077748,98.27104251392456
333,"[117.33578089049996, 128.23611486379997]",44.75263013783676,98.2675042313791
334,"[117.35405718549991, 128.22569995349997]",44.73024110428491,98.27204603272536
335,"[117.39162760399991, 128.1601918351]",44.68281408655246,98.24872022485711
336,"[117.41377484399995, 128.0944094937]",44.63644595012218,98.21487734723333
337,"[117.39727867009995, 128.0463355819]",44.566983717612956,98.16819545721698
338,"[117.42482777589996, 128.0058390454]",44.504653014091424,98.15674633159013
339,"[117.45379034309995, 127.976614605]",44.47554315301889,98.15460939324278
340,"[117.48373880229995, 127.9764430927]",44.468307937790115,98.17463793104035
341,"[117.50217285989997, 127.96734487929999]",44.47731050573703,98.18031892843757
342,"[117.51350323189997, 127.97037932279999]",44.48862089206444,98.19019089374264
343,"[117.51160582579996, 127.96036897559998]",44.51695975712191,98.18151204912215
344,"[117.50706997389995, 127.92513365079998]",44.491558764789026,98.15240889569799
345,"[117.50828213299995, 127.88823960399999]",44.491839568965545,98.12595624435274
346,"[117.48182540989995, 127.89930484779998]",44.49129810452097,98.11631440864099
347,"[117.48043385589996, 127.86957867119996]",44.474014754494185,98.093404983307
348,"[117.48386043539995, 127.85969753089998]",44.45233587770664,98.0884105737384
349,"[117.47934348269995, 127.85691067469999]",44.4635052398689,98.0833080534752
350,"[117.49045212149997, 127.85537110799999]",44.42353421525041,98.08965423834945
351,"[117.50914090239998, 127.86106782689994]",44.42190125092075,98.1064557960196
352,"[117.50028347169999, 127.86580290209993]",44.409538124454826,98.10398677896193
353,"[117.50137540349999, 127.87681741349992]",44.39540438045826,98.11286205678435
354,"[117.4901775902, 127.87006807739992]",44.37932705875005,98.10033041759705
355,"[117.48875505710001, 127.87194947049991]",44.37141170246442,98.10076256219398
356,"[117.47886479060001, 127.85765245529994]",44.391058092972386,98.08353377817602
357,"[117.48076418930003, 127.84451920139995]",44.403694980291256,98.07510787374872
358,"[117.49059742470003, 127.84270055289993]",44.394270905822815,98.08038935411132
359,"[117.4725566414, 127.83556724029994]",44.41721503687043,98.06296290338689
360,"[117.49171091990002, 127.85327416949994]",44.41661867354163,98.08895279204916
361,"[117.51087025179999, 127.85887207749994]",44.401347840639936,98.10599865065056
362,"[117.53465088089999, 127.88913719989995]",44.419604117438126,98.1443852646377
363,"[117.5488708565, 127.88412850929996]",44.39207629764896,97.16452233037899
364,"[117.5531333834, 127.87527704879994]",44.400704527973176,97.16087153873767
365,"[117.5131747233, 127.88251190759995]",44.40937418528159,97.13923148791429
366,"[117.4965820188, 127.90792385619996]",44.41779372389143,97.14678534449725
367,"[117.50152925100001, 127.90048192259998]",44.420251148664185,97.14463166936036
368,"[117.49754915769999, 127.91461552569996]",44.394107304703496,97.15237663334901
369,"[117.50848906849998, 127.93014560219996]",44.388392045417106,97.17122029954875
370,"[117.5232956332, 127.93652120979992]",44.39490824022768,97.18591654336686
371,"[117.5145785589, 127.94249570559995]",44.40864608461333,97.18444432705651
372,"[117.5025527907, 127.93578834129995]",44.39379931372715,97.17137999834397
373,"[117.52904668319998, 127.92557720269993]",44.3909118966196,97.18172100750334
374,"[117.53712353719999, 127.88957945839994]",44.37271597834192,97.16061231458717
375,"[117.55394030089998, 127.84469358709994]",44.366683504037454,97.13886095388183
376,"[117.56430951359998, 127.83062121249998]",44.40428383660153,97.13548859905845
377,"[117.56393448319997, 127.81532636929995]",44.42479997955222,97.12395866259253
378,"[117.56240983319998, 127.82520945799996]",44.431510254352006,97.13021513270917
379,"[117.55679011989997, 127.83229925709996]",44.447927639433885,97.13164634860657
380,"[117.55821844819998, 127.84219672539997]",44.45553718343843,97.13990935033559
381,"[117.54398054759999, 127.85893833369995]",44.46272684713986,97.1426399743135
382,"[117.54739847099998, 127.85495837729995]",44.46947333014232,97.14201278417495
383,"[117.54064682529997, 127.87377367319996]",44.45508715428189,97.15133136889735
384,"[117.556784658, 127.90674440879995]",44.44831409961758,97.18654859725562
385,"[117.5343560463, 127.91557639199996]",44.43465313502219,97.17792469645056
386,"[117.5308962463, 127.92113728259996]",44.427303725478616,97.1796929150472
387,"[117.54137307200003, 127.92109917649995]",44.44205874853414,97.1867359032567
388,"[117.55245906129998, 127.90311739189998]",44.41481394365427,97.3684214931385
389,"[117.56066373499998, 127.90883432539997]",44.423856803989146,97.37815541942341
390,"[117.55424611719998, 127.90450036439998]",44.43152055608637,97.37064419885122
391,"[117.55284638789998, 127.9090034502]",44.44614254754515,97.3730622911442
392,"[117.54693956379998, 127.9023736787]",44.46507763727608,97.36418289698511
393,"[117.55563964839997, 127.90633143500001]",44.47474309826247,97.37293778160002
394,"[117.55780784679995, 127.88691476130002]",44.46849149784015,97.35993084432698
395,"[117.55522300089997, 127.89111905809999]",44.46343485042838,97.28019934045695
396,"[117.55010108469996, 127.90101495549999]",44.45952774941139,97.28403980763538
397,"[117.55558145409995, 127.9041810465]",44.467054664514905,97.29007562854957
398,"[117.53227323179995, 127.9000974481]",44.47921960106059,97.27132621154975
399,"[117.52735034349995, 127.89974903870001]",44.4733342059739,97.26774570711704
400,"[117.51968957459997, 127.88569229710001]",44.449772864613706,97.2522039396939
401,"[117.52900187839994, 127.85721296460001]",44.43950374993752,97.23748504585755
402,"[117.52335658129996, 127.83161219020002]",44.409809737730605,97.21479236225504
403,"[117.51248164889995, 127.7875235889]",44.39781810409377,97.1749372699063
404,"[117.51561305529997, 127.77603613870001]",44.39816534244162,97.16858384190449
405,"[117.53231103739996, 127.79214440220001]",44.396576269670625,97.19174124250502
406,"[117.53209906539996, 127.79443471489999]",44.39722361583884,97.19328645557367
407,"[117.53337750289997, 127.78633569750002]",44.379038493957694,97.18817975296965
408,"[117.54868187749997, 127.75185881719999]",44.39404380470515,97.17311192695306
409,"[117.53946152809996, 127.7383068185]",44.416612747388456,97.15689241661833
410,"[117.54637413239996, 127.7192805577]",44.4346207376534,97.14754624461845
411,"[117.52632138969999, 127.7179573925]",44.41263739604824,97.13301418231826
412,"[117.53745887490003, 127.69410403689999]",44.40481948181874,97.12296924909388
413,"[117.52124342030001, 127.70085652830001]",44.4271426431337,97.11698034569943
414,"[117.5372504928, 127.6871328124]",44.41018411359632,97.11769264836377
415,"[117.53247555600001, 127.67790538730002]",44.37845689002168,97.15612021202553
416,"[117.53196852110001, 127.64175699170002]",44.32698797561663,96.42433761014101
417,"[117.53442355760001, 127.61264495400005]",44.295116973588,96.40462351452527
418,"[117.518914459, 127.54793939390007]",44.23961055828445,96.34658585446812
419,"[117.54659154730001, 127.51200330900006]",44.196620624662415,96.33900876449424
420,"[117.5542345339, 127.43842551910004]",44.13116774934983,96.29022622211735
421,"[117.56974081320003, 127.43706774840003]",44.14419808282171,96.29977229792317
422,"[117.56141493100002, 127.44964373510001]",44.15520410562402,96.30333491473837
423,"[117.53393323060001, 127.46377307290003]",44.14539688854048,96.29502082744165
424,"[117.52999975910001, 127.44996091310003]",44.13852524644417,96.28221505116629
425,"[117.50776113430001, 127.4403376077]",44.11221715073989,96.26004269435099
426,"[117.52175939840002, 127.407012698]",44.112805420623545,96.24511158907043
427,"[117.53986209480003, 127.40617784959998]",44.11195741927092,96.25680606393462
428,"[117.52828677490002, 127.4162041722]",44.14874054115384,96.25628996365204
429,"[117.51714417530002, 127.41831575410002]",44.14713046638908,96.25026479658636
430,"[117.51403073600002, 127.391949219]",44.14561285246445,96.22881008319008
431,"[117.51081343380005, 127.39305398879996]",44.16360260835017,96.22743320202039
432,"[117.52886094370005, 127.37104334789996]",44.168278050102614,96.22356297635072
433,"[117.51792531850006, 127.39394933649996]",44.15666074163837,96.23292453486293
434,"[117.53884265700005, 127.38285722039994]",44.17417717144237,96.23901261671904
435,"[117.52032336670003, 127.38029436679996]",44.16854456820159,96.22454117124717
436,"[117.52074957550005, 127.40180516449996]",44.152264730364614,96.24060586727892
437,"[117.52618316350005, 127.41841115209995]",44.17273296522694,96.25647871721918
438,"[117.52618316350005, 127.41841115209995]",44.17273296522694,96.25647871721918
439,"[117.52907115570005, 127.41118729519994]",44.18350871753072,96.25314371061813
440,"[117.54069881800005, 127.40956453049994]",44.18891481798635,96.25985847961633
441,"[117.53729108400005, 127.36700025119994]",44.18770549519319,96.22633146026172
442,"[117.53943623540005, 127.37307726279992]",44.18896207648011,96.23224569202209
443,"[117.54338592110004, 127.36361337279992]",44.17678578133323,96.22799353232307
444,"[117.53861319280004, 127.36267509649993]",44.17227971928809,95.35135285076389
445,"[117.52301442920005, 127.36237426859994]",44.165218171653734,95.34046714315303
446,"[117.51962107280004, 127.38769995969993]",44.17569434198758,95.35662977491967
447,"[117.49260660560003, 127.39175442749995]",44.14647722820548,95.33596886523284
448,"[117.45081197770006, 127.37256349289996]",44.130357153888355,95.29358221802244
449,"[117.45081197770006, 127.37256349289996]",44.130357153888355,95.29358221802244
450,"[117.45272088470004, 127.37775286859997]",44.14916645432378,95.29869790158416
451,"[117.44349829360006, 127.37200912929997]",44.163616102196514,95.28823260691092
452,"[117.42556426040007, 127.37393137849999]",44.155170954501955,95.27753573818694
453,"[117.44476040240006, 127.38264931669997]",44.130270013006594,95.29693061646965
454,"[117.44287471400007, 127.36441052999999]",44.14707152327288,95.28220888828469
455,"[117.42176031070011, 127.3477379455]",44.11565717791717,95.25565202383453
456,"[117.41652525110008, 127.30100702369997]",44.10860008697738,95.21766413423626
457,"[117.42928566520004, 127.31746603979998]",44.07919258862323,95.238419415097
458,"[117.42008044260005, 127.28209370959999]",44.05587667326713,95.20612651330202
459,"[117.42224527390005, 127.22700890970002]",44.03010199344907,95.1669996491691
460,"[117.44104189140006, 127.21634112650001]",44.00274435880799,95.17185265312668
461,"[117.45670590750007, 127.23036418820004]",43.98278873925437,95.19277613727564
462,"[117.44497957990008, 127.25849794280003]",43.95968335547873,95.20557133308886
463,"[117.43166667480008, 127.24610631820005]",43.947174969663486,95.18744012202076
464,"[117.44397409560011, 127.24619417170004]",43.941181036581135,95.19582679169515
465,"[117.44825581700007, 127.24814956390003]",43.95241699943149,95.20016270141774
466,"[117.47332876290007, 127.25310713950003]",43.918618379788484,95.15489940383942
467,"[117.45853344310008, 127.24119863230003]",43.91233985709563,95.13614135856261
468,"[117.45729050730007, 127.24180442730001]",43.90124332658001,95.13575622173502
469,"[117.45669502720006, 127.24196929340003]",43.900757696161584,95.13547877730838
470,"[117.44252412080004, 127.24296321330002]",43.94403344561368,95.12670533953697
471,"[117.46517683030004, 127.23882321000002]",43.95548373241393,95.13883952910177
472,"[117.47521267830005, 127.25212197060004]",43.954651196703054,95.15543361315824
473,"[117.48897498770002, 127.26248291200004]",43.924393980646784,95.17235129818303
474,"[117.52080033400001, 127.25484122040002]",43.95625917714311,95.18805359570108
475,"[117.51505888530001, 127.24700166980001]",43.9634817723911,95.17838902061935
476,"[117.50171887220002, 127.245253567]",43.95967130436378,95.16813663002307
477,"[117.48444707760004, 127.25503813830001]",43.96022055710624,95.16379362456303
478,"[117.46013962590003, 127.24111566790002]",43.95422611898371,95.13715788927567
479,"[117.47160180680001, 127.23024179510001]",43.93644011075197,95.13679167316288
480,"[117.45491762550002, 127.23529589059999]",43.90428507975351,95.12933881871346
481,"[117.46331469650002, 127.21551525519999]",43.86581355925386,95.12031353017325
482,"[117.45827571950002, 127.22415288869999]",43.85924109530394,95.12333300237758
483,"[117.4356221797, 127.19276059789998]",43.87676767181529,95.08485802348464
484,"[117.41798326119999, 127.1689177853]",43.865207174658764,95.0553450806061
485,"[117.4240193222, 127.18904442289998]",43.88507767407282,95.07431490625814
486,"[117.38457192310001, 127.1661389569]",43.908475977606585,95.03085870230325
487,"[117.38963784680003, 127.12867752129998]",43.90383261328472,95.00649160888511
488,"[117.3933103981, 127.10328932009996]",43.921333992653956,94.99014333805307
489,"[117.38460572779996, 127.07530947619996]",43.924317936287935,94.96356603680776
490,"[117.35976078399999, 127.05800837439995]",43.91274546653208,94.93406167086309
491,"[117.3562450592, 127.07873879339996]",43.91202431909818,94.94706230091317
492,"[117.3865501699, 127.03147052359998]",43.898779821541275,94.93239659041521
493,"[117.37054335050001, 127.00303072839999]",43.892858444914864,94.90057772967153
494,"[117.33961334680002, 126.954653187]",43.84477489024608,94.84396604721059
495,"[117.34015744390001, 126.9115498207]",43.84681640578794,94.8124153993547
496,"[117.33104465270002, 126.85317900259996]",43.76280144643806,94.76308001537518
497,"[117.34570217730003, 126.81269391189997]",43.71725287064435,94.74298033014684
498,"[117.33388520850004, 126.82019956679999]",43.72965100210201,94.74058438080107
499,"[117.31931415770003, 126.7857484528]",43.737036569205785,94.70529163677705
500,"[117.30770084760003, 126.78774968079998]",43.76892193371958,94.69895988573526
501,"[117.28230693100002, 126.75784606379997]",43.75892609290628,94.65975122170043
502,"[117.29520751320004, 126.74232758069998]",43.76784485854504,94.65694885603257
503,"[117.30506070470003, 126.73753921379998]",43.75844180754142,94.6600367393507
504,"[117.30718201740007, 126.75951296049998]",43.76384848226216,94.67771934426524
505,"[117.31707551220006, 126.78486781009997]",43.78773403952446,94.70313402586441
506,"[117.33570716300002, 126.78480960589997]",43.78185292705759,94.7156263514909
507,"[117.35795410300003, 126.76910445469997]",43.77317615628945,94.71898088917452
508,"[117.36611736410003, 126.80597864779996]",43.756966121410066,94.75174867762416
509,"[117.36611736410003, 126.80597864779996]",43.756966121410066,94.75174867762416
510,"[117.36370802010002, 126.80966620849996]",43.761698941105834,94.75285522817926
511,"[117.36594499320003, 126.82010023649997]",43.75326150682845,94.76207914217436
512,"[117.37288611120002, 126.83959791659998]",43.72507650540023,94.78117384885093
513,"[117.36493979210003, 126.85570138369997]",43.726544312738994,94.78774319347814
514,"[117.35690511860003, 126.82773113269994]",43.73816563646544,94.76164267410532
515,"[117.35879943550002, 126.84638001349995]",43.74370542830432,94.77671545239716
516,"[117.35335726470001, 126.83705466029997]",43.72924850994669,94.76615445129998
517,"[117.34652009830002, 126.82559558059998]",43.73073378834224,94.75307631360205
518,"[117.37101581260002, 126.79921653339997]",43.72914420710893,94.75004324445807
519,"[117.3452790146, 126.80569065299998]",43.7517031599713,94.73751434347477
520,"[117.34503588540001, 126.8084631329]",43.753776565624904,94.73940193597744
521,"[117.3419328499, 126.7766974976]",43.73679181634464,94.7138147355977
522,"[117.33133479760001, 126.77065282239997]",43.73375556266965,94.70221176341012
523,"[117.32399426100001, 126.76256098089998]",43.75378455239188,94.6912865105089
524,"[117.3024338719, 126.7587755424]",43.76276947171144,94.673979187429
525,"[117.29203257570002, 126.74510199730001]",43.774365988319005,94.65686518313338
526,"[117.2981654454, 126.77182186639999]",43.764296858585574,94.68076014490698
527,"[117.29860140250001, 126.78032744980003]",43.7699756924957,94.68734693582041
528,"[117.29073368210001, 126.76347451960002]",43.781847136471285,95.00378026820543
529,"[117.31057868500002, 126.7738961471]",43.75986711140635,95.02483873961275
530,"[117.30046252880001, 126.76884576009999]",43.74241450559855,95.01429793533674
531,"[117.32778863760002, 126.76832659169997]",43.731338512541946,95.03229185181095
532,"[117.30954061570003, 126.7565069012]",43.71745872884764,95.01127153646253
533,"[117.31332337620002, 126.7516122221]",43.72523003354337,95.0101938013358
534,"[117.31434148900001, 126.69253184089999]",43.681720506925664,94.967169150837
535,"[117.34464574340004, 126.6768789849]",43.6656128044537,94.97598979922455
536,"[117.34036520520003, 126.63852250869996]",43.6221251638776,94.94474788940236
537,"[117.34818396930002, 126.58782697029997]",43.6107128603145,94.9125423054399
538,"[117.34818396930002, 126.58782697029997]",43.6107128603145,94.9125423054399
539,"[117.35270917090003, 126.57890942859999]",43.61666827071442,94.90900118527924
540,"[117.3184757311, 126.57172361649997]",43.625624261144715,94.88062817815236
541,"[117.33281543509999, 126.55055129959999]",43.61221417730689,94.87464246628602
542,"[117.3277791744, 126.56511897559996]",43.59717255983332,94.8820142725907
543,"[117.31986992190001, 126.55359694729998]",43.586220263476136,94.86817097620593
544,"[117.3164882846, 126.55083838639997]",43.599673739955044,94.86385417172063
545,"[117.32101852099998, 126.54957640769999]",43.594216997132065,94.86597369684873
546,"[117.3280400279, 126.52074056709998]",43.581319933535305,94.84939866100702
547,"[117.34813031489999, 126.51410533979998]",43.593540186732874,94.85803794990477
548,"[117.3394258962, 126.51895906339998]",43.568829076517396,94.8557562347937
549,"[117.38241552819996, 126.50162368590001]",43.5493989845236,94.87193517862708
550,"[117.41439185589996, 126.48627867199998]",43.55830605414817,94.882173144255
551,"[117.39763679799997, 126.50748039509999]",43.57805554628516,94.88652449793109
552,"[117.37063519789996, 126.51156414329998]",43.561402469271925,94.8713326998406
553,"[117.36456501279997, 126.537630854]",43.55353092444326,94.8864936489776
554,"[117.37902535279999, 126.5580863387]",43.543973966842735,94.91135086843535
555,"[117.35344089159993, 126.57132708970002]",43.545258538877135,94.9038914228636
556,"[117.36354724739995, 126.57304460410002]",43.516008127361935,94.9119704650095
557,"[117.41147439179994, 126.576856052]",43.497493630036516,94.94708835960546
558,"[117.39725696359996, 126.5608608574]",43.47812231822568,95.58999932594521
559,"[117.41168930159995, 126.59550015449999]",43.48078205488341,95.62531751706726
560,"[117.39674565109995, 126.58745735239998]",43.4598515597328,95.60930530047915
561,"[117.38208456429997, 126.61211978309996]",43.473897276942935,95.61765360822005
562,"[117.36694934119996, 126.60183130269996]",43.46840093490174,95.5998544486769
563,"[117.34997949519995, 126.60663105449996]",43.49208965081638,95.59197307086778
564,"[117.36885051869994, 126.60599379809997]",43.502965236791646,95.6042116409678
565,"[117.36241938269995, 126.58957948709998]",43.50394278733531,95.5877476981318
566,"[117.35381351929996, 126.60189889659999]",43.517851134757784,95.59105706704567
567,"[117.35285866689996, 126.5946578384]",43.515307019530944,95.5850615126928
568,"[117.3591891883, 126.58526137159998]",43.506786180387905,95.58238034088892
569,"[117.38011012469998, 126.5658430397]",43.49716223167946,95.58212522977553
570,"[117.34460339669998, 126.52934332889998]",43.49099368932498,95.53123060854173
571,"[117.3065678423, 126.4947077289]",43.49361308577886,95.48000954792728
572,"[117.31919579469997, 126.49289690810001]",43.4727872362871,95.48718050216456
573,"[117.36418536459998, 126.46759044080001]",43.46201885579357,95.49881253573129
574,"[117.38099794109999, 126.4218794746]",43.42203260110799,96.47459308941336
575,"[117.3555029002, 126.342742397]",43.39598426562425,96.3989602468406
576,"[117.35682023529996, 126.2814683885]",43.35400923512076,96.35461447621869
577,"[117.33997093759996, 126.27511598440002]",43.36345773561913,96.8656447169539
578,"[117.34846036069996, 126.26528137050002]",43.35025016679469,96.8640001869443
579,"[117.37605898589999, 126.25567003499998]",43.34121594561857,96.87529565839598
580,"[117.39333275019995, 126.28502178549999]",43.332554396922134,96.90867326110627
581,"[117.36317569069996, 126.2801522074]",43.34623796713446,96.88489664280664
582,"[117.36307886269996, 126.26916941019999]",43.357867931913404,96.8766615542367
583,"[117.34115637429996, 126.26811159599998]",43.33721794387796,96.86122531045284
584,"[117.31151600549997, 126.26037985159999]",43.34437671518251,96.8356694765608
585,"[117.30828098229999, 126.26535449209997]",43.34165553190829,96.8372102699181
586,"[117.30506537459996, 126.24078957719999]",43.35622069878966,96.81678294248984
587,"[117.31298401089997, 126.26115716639997]",43.416283861443524,96.83722858499092
588,"[117.29717342619999, 126.26558855740001]",43.385532852398946,96.82996500574323
589,"[117.3078459489, 126.28909798090001]",43.38026455606442,96.85459007130768
590,"[117.30055866349998, 126.27572630130003]",43.38602727656968,96.83977094139577
591,"[117.29846943419996, 126.29309145050003]",43.39215274755881,96.85130047673724
592,"[117.30059619929996, 126.29106244420004]",43.399135994036904,96.85121049682381
593,"[117.29923738479998, 126.30503500140003]",43.37576642296663,96.86070368428948
594,"[117.31413943209996, 126.31073174180004]",43.415833617405006,96.87489528939732
595,"[117.33779071759996, 126.31906640370002]",43.40247781086588,96.89689415469364
596,"[117.32154821259998, 126.33403913550002]",43.39550293658007,96.89719207025342
597,"[117.34912406739996, 126.36879370140005]",43.40651713237309,96.94147678979236
598,"[117.37242187749996, 126.36677299610002]",43.407068156319326,96.95553025946569
599,"[117.38400431839996, 126.37635280210003]",43.39877987966233,96.9703958083375
600,"[117.37550870759995, 126.37365547170002]",43.414298086369215,96.96271444524609
601,"[117.35657657459996, 126.36275337090001]",43.39114340513201,96.94195669346152
602,"[117.32448577689995, 126.3565625708]",43.38073079926214,96.91592111415383
603,"[117.33249947049994, 126.34880367240001]",43.382437121888415,96.91549536453726
604,"[117.32658188899994, 126.36201110970002]",43.3715159724523,96.92137698747801
605,"[117.34523499989992, 126.37535463750001]",43.38981685382716,96.94376449528907
606,"[117.35735262049991, 126.38898364379996]",43.396877656906845,96.96200128395428
607,"[117.38031925959991, 126.3847897835]",43.37131646597835,96.97421459773575
608,"[117.37748051299994, 126.35597263519999]",43.368600434177935,96.95087052752466
609,"[117.38778932459991, 126.3645900689]",43.35512495779549,96.96416940659338
610,"[117.38525361119991, 126.3887889267]",43.339478168635324,96.98048648287097
611,"[117.37323531459991, 126.3985620031]",43.34641540881761,96.97973631979723
612,"[117.36726978679991, 126.40520233399998]",43.32699715915416,96.98069698650541
613,"[117.38920405399995, 126.40320003750001]",43.33818843575383,96.99385156228205
614,"[117.38490721009994, 126.3902410518]",43.323795405489825,96.98133603369956
615,"[117.41901313109993, 126.36505582789998]",43.3249583479277,96.98537444061851
616,"[117.43050600729994, 126.3404975111]",43.30615806075516,96.97478350949359
617,"[117.44153287149997, 126.3102770622]",43.28074993822569,96.95967654455087
618,"[117.44246255309996, 126.26674222730001]",43.24975961990403,96.9279263332814
619,"[117.48088940859998, 126.16350458290002]",43.2067182774044,96.87691838498674
620,"[117.43731834689999, 126.16505277410002]",43.18674242668371,96.84890311532672
621,"[117.3978678386, 126.16377935920002]",43.19553625468116,96.8215589029453
622,"[117.38731206599999, 126.16260076900002]",43.168335610691514,95.81584111785081
623,"[117.40218005249999, 126.19215622690001]",43.18876006016321,95.84776196005451
624,"[117.41690578400001, 126.1717601442]",43.17894191366333,95.84243695994611
625,"[117.4185493603, 126.1380133782]",43.18554571726785,95.81844348738974
626,"[117.4120116814, 126.15568152259999]",43.190662913618524,95.82720846442865
627,"[117.42805214330001, 126.1506149496]",43.19733413868699,95.83416755591702
628,"[117.44251179580002, 126.14836434870001]",43.18335545306391,95.84216509020354
629,"[117.44652174, 126.15239239800003]",43.19022562068576,95.84784158478138
630,"[117.43467670639998, 126.16847242590003]",43.18606011202326,95.85187471036711
631,"[117.42242308229996, 126.15768916080006]",43.186111793090205,95.83566301250737
632,"[117.40798027529998, 126.14656797190005]",43.185604664238625,95.81773624534655
633,"[117.37759048269999, 126.14830664890003]",43.16852764279163,95.7987114378478
634,"[117.37670416309999, 126.15537113110004]",43.16838357918645,95.80337317060355
635,"[117.37026550409998, 126.17787144040003]",43.15255751581448,95.81580638047546
636,"[117.35973888429997, 126.16767376270002]",43.15196747663506,95.80118549786636
637,"[117.35046504509995, 126.14387868060001]",43.16099687298766,95.77728695995657
638,"[117.35178793779997, 126.1408070779]",43.157086888152705,95.7758863459351
639,"[117.36717597699995, 126.1453090177]",43.15677192047227,95.78952029291654
640,"[117.36698880669998, 126.15689221630005]",43.12526753213081,95.79801074418779
641,"[117.37137595459997, 126.17445199950005]",43.13130134539917,95.81400478485811
642,"[117.40462130589997, 126.15974024810002]",43.124224063846476,95.82528532398193
643,"[117.38895598749997, 126.15562796900002]",43.120374351863376,95.81175420262818
644,"[117.40205327599998, 126.13882416260005]",43.101016867470165,95.80801505459199
645,"[117.35609946849995, 126.13725389670006]",43.099265989118436,95.77612524617253
646,"[117.33129746659995, 126.14081812500004]",43.109194468085626,95.7622005638438
647,"[117.33776026009996, 126.16859140540004]",43.11461729782667,95.7871818516323
648,"[117.33373945959994, 126.15326428690005]",43.11507903630062,95.21776440063543
649,"[117.34057382939996, 126.15868394360004]",43.10536135327494,95.22635019750103
650,"[117.31455577059998, 126.13708336330005]",43.090941405544505,95.19293869131234
651,"[117.28445961599996, 126.14562516020004]",43.071764680499655,95.17943383954108
652,"[117.27965282189996, 126.13087584990004]",43.06822818277273,95.16519272135042
653,"[117.27046557189995, 126.13931086490007]",43.05604964794134,94.89250441655774
654,"[117.2536575011, 126.13215414390008]",43.06978903874914,94.87594127956258
655,"[117.23032380309996, 126.11019059220001]",43.04941224624682,94.84400676800367
656,"[117.23786405839995, 126.03403091190003]",43.05533847240756,94.79245180475661
657,"[117.23460744279997, 125.97843357290003]",43.01815588234546,94.74897092951163
658,"[117.22799522339996, 125.90132961149997]",42.93657281238139,94.63786211672617
659,"[117.22114764759998, 125.80092551460001]",42.86198878032649,94.55810267521251
660,"[117.19936847569997, 125.72560270179999]",42.84334102797067,94.4872617116011
661,"[117.19526195049997, 125.61600979859998]",42.77729007617824,94.402506287824
662,"[117.2225667495, 125.51737291549998]",42.73178474529348,94.3468516460464
663,"[117.23246193299998, 125.42533377939998]",42.639820212206565,94.28463272788747
664,"[117.24103201399996, 125.36278689639998]",42.60843092431559,94.24360649019067
665,"[117.23073618219995, 125.34220167929992]",42.610207955371706,94.22138597012191
666,"[117.22678436409997, 125.31146184419997]",42.61401937480534,94.19580276071723
667,"[117.2520218368, 125.27485591839994]",42.602058849413126,94.18526710112077
668,"[117.24823444709996, 125.31162966549994]",42.6185039722797,94.30375937543998
669,"[117.24397377429996, 125.35553439179994]",42.63113760521176,94.33336457532262
670,"[117.23815742169994, 125.35756027109996]",42.62675950998687,94.33094954625055
671,"[117.21543212469994, 125.35067349319992]",42.60542902858096,94.3105648610182
672,"[117.20966517189996, 125.32675757469993]",42.611475173146204,94.2889913487945
673,"[117.17267799929996, 125.3314905729999]",42.603241249524416,94.26761080968295
674,"[117.17117324609997, 125.3138759856999]",42.594622626809894,94.25356458261474
675,"[117.18704839269996, 125.30226818319993]",42.578199145857226,94.2556569128617
676,"[117.18150330129998, 125.30162141249991]",42.5714243555578,94.25144750696154
677,"[117.18964155489999, 125.29098352559991]",42.553197521588906,94.24905403735251
678,"[117.18821586769998, 125.29116521009993]",42.53324380855758,94.2482290602247
679,"[117.14485811609998, 125.28948193839992]",42.54342446550059,95.06132220063799
680,"[117.14822674319997, 125.28663452389992]",42.5437704121067,95.06150637709872
681,"[117.14176812269996, 125.26974479059994]",42.5501703386219,95.04470260901927
682,"[117.15985838879999, 125.26174171659991]",42.56117229440185,95.05106006321786
683,"[117.17687770819997, 125.23814587999993]",42.57573353557491,95.04522380514594
684,"[117.18643341129997, 125.23033586409996]",42.5835492780887,95.04595099344266
685,"[117.19312797629996, 125.22290735149996]",42.59244723630914,95.04502198376082
686,"[117.16728094329997, 125.17295446079997]",42.572098973485865,94.99076996658269
687,"[117.15560811819996, 125.17968745579998]",42.561986583368345,94.98781304077761
688,"[117.15680691599994, 125.19719245609998]",42.566880879917875,95.00150123023454
689,"[117.15699831879994, 125.19489380829998]",42.582875825480976,94.99994001008719
690,"[117.15223841539996, 125.18398339240002]",42.58213057733757,94.98869000046055
691,"[117.17556522819996, 125.19017105040001]",42.565771157926065,95.00904517756804
692,"[117.15953545359997, 125.1821212327]",42.58814571154023,94.99226391204519
693,"[117.15522993319998, 125.18944934799998]",42.60809012289579,94.9947371916532
694,"[117.15928748719995, 125.18680767099998]",42.60415043371661,94.99554292566387
695,"[117.16247692509995, 125.1618858938]",42.59867248892576,94.97937467730509
696,"[117.14722080669995, 125.13812915980002]",42.60900228264054,94.95156602291567
697,"[117.15749663539997, 125.13386864630002]",42.59158585820791,94.95539714368222
698,"[117.15564506969997, 125.13457111110002]",42.598397315041865,94.95465878417072
699,"[117.14467289069995, 125.12716834879998]",42.592177464856746,94.94177931010204
700,"[117.12175427669996, 125.09229166900002]",42.564923475112536,94.9006015384795
701,"[117.15091407369994, 125.02199742660005]",42.54743531588385,94.86870413974266
702,"[117.20974733049991, 124.94639261620003]",42.50594406350124,94.85310430965514
703,"[117.23294393829994, 124.87243235780005]",42.453341467463886,94.81458435127038
704,"[117.26358701869992, 124.78909657110006]",42.446039704726154,94.77430336892117
705,"[117.28274265119994, 124.69487409870005]",42.400140627451876,94.71829370141627
706,"[117.30713215319994, 124.58439994370002]",42.312583014849544,94.65402072474501
707,"[117.31268364779991, 124.47690590050004]",42.26770006096766,94.57916821893777
708,"[117.33835492319997, 124.39205899830002]",42.20498406242792,94.53466305396327
709,"[117.34434097939995, 124.31680597130001]",42.18308821756033,94.48377719083133
710,"[117.33579713569996, 124.26063733030001]",42.12986129645158,93.93969173706003
711,"[117.29664295999997, 124.21613763960003]",42.106702405855856,93.88046626730252
712,"[117.27855788849998, 124.19730181410004]",42.12641095146246,94.8438448478728
713,"[117.2899830559, 124.19131724190001]",42.13921469052393,94.84741754665586
714,"[117.28406881389999, 124.17904751800002]",42.13990354007929,94.83446326349652
715,"[117.2932086402, 124.16209405970002]",42.137705737758935,94.82853351909876
716,"[117.3103087599, 124.1691806188]",42.11861783423706,94.84547714512644
717,"[117.29585110659998, 124.17661986559999]",42.12320370789243,94.8408548483838
718,"[117.32294259619998, 124.1677223584]",42.128409806271385,94.85316060211953
719,"[117.32881055809999, 124.16222899430002]",42.126448416578434,94.85325124456394
720,"[117.30900840060004, 124.1328383176]",42.1390491703194,94.81832828320329
721,"[117.32210226760004, 124.12150221289998]",42.138038535153655,94.81919980045441
722,"[117.31013869040002, 124.1345048363]",42.1242048784604,94.82031364629022
723,"[117.29957006420001, 124.16807210960003]",42.126908968302416,94.83725081255108
724,"[117.31409927080001, 124.14600559880004]",42.117660515284825,94.83135910776491
725,"[117.31409927080001, 124.14600559880004]",42.117660515284825,94.83135910776491
726,"[117.31481815530006, 124.10466205630004]",42.13566180761886,94.80200093350683
727,"[117.33033635870002, 124.08573956930005]",42.132063743999794,94.79907806775995
728,"[117.341727872, 124.08072835860004]",42.14158359076944,94.80334497602507
729,"[117.34160018700003, 124.05447655600003]",42.11814085884111,94.78431076018472
730,"[117.35368728340003, 124.06335295840005]",42.092809632281444,94.79908391451077
731,"[117.36150710430002, 124.07682825960002]",42.06468344119021,94.8142215669023
732,"[117.38912224970004, 124.07130236100004]",42.090641161234714,94.82935398127742
733,"[117.40271021590003, 124.08609011160004]",42.071894185204854,94.84943182626029
734,"[117.39112581080002, 124.09385831170005]",42.0654364342433,94.84701573757242
735,"[117.40189911190002, 124.10430270460003]",42.06110891495102,94.86201090419259
736,"[117.3688307949, 124.10217604830004]",42.06078111090324,94.83758427109035
737,"[117.36907828429999, 124.08383451630003]",42.04489664313412,94.82451885494676
738,"[117.3703946214, 124.07042765030002]",42.04843287997485,94.81575582387404
739,"[117.3343838168, 124.05472117620006]",42.04816170518038,94.77949169965424
740,"[117.29974378070001, 124.01591004190004]",42.03655532011886,94.7275037644016
741,"[117.2850000208, 124.01145157110003]",42.01800540711212,94.71408018828664
742,"[117.2594981936, 123.93696212790002]",41.992381743324806,94.64267391155828
743,"[117.2218630571, 123.894184345]",41.996731842792684,94.58575077333475
744,"[117.18138109690003, 123.84583988279999]",41.99346872026999,94.52284035142453
745,"[117.1603305279, 123.76371046780001]",41.94241669072552,94.44902231943651
746,"[117.1344309479, 123.65582814040006]",41.89317312014934,94.35329990148853
747,"[117.1346195874, 123.5762443532001]",41.859837786083006,94.2960907195107
748,"[117.11815882899997, 123.48758510500002]",41.79527549123575,94.67307817278412
749,"[117.12642932059997, 123.44153362930003]",41.764528676224856,94.64603144146848
750,"[117.13350542049999, 123.41680576530001]",41.76705411856896,94.6333626937216
751,"[117.15044133929997, 123.40356935580002]",41.77406393415334,94.63580560593094
752,"[117.1279826363, 123.39785451770004]",41.783313032274016,94.61597994242827
753,"[117.11604426389998, 123.38445685800004]",41.76492711959364,94.59805687798547
754,"[117.12224735009998, 123.40633288510004]",41.78101846579647,94.61800167609502
755,"[117.1302810955, 123.37874322030004]",41.79648618885848,94.60397012439157
756,"[117.13008989740001, 123.38598275390002]",41.77470649967556,94.60899586751654
757,"[117.1245767686, 123.39112198850002]",41.781863388011,94.60879217585376
758,"[117.10723001409998, 123.36800660790003]",41.79037102097528,94.58014911738185
759,"[117.077181784, 123.39071117070006]",41.76754500384281,94.57526438375903
760,"[117.09852972920002, 123.37515979440005]",41.76665124779037,94.57914615663908
761,"[117.1032641483, 123.36922072330007]",41.77242802262258,94.57823297611415
762,"[117.12638814309999, 123.37506458400004]",41.772106261380756,94.59861757905347
763,"[117.1444592251, 123.39132601040002]",41.79164253537281,94.62288338010119
764,"[117.18094231139999, 123.38034432440003]",41.771582529089244,94.64065427445203
765,"[117.15982684200002, 123.40280299920003]",41.7620073033196,95.63211906617656
766,"[117.16651874410002, 123.39219370350001]",41.76736496170218,95.6292352056537
767,"[117.19159619270002, 123.38577024780001]",41.77798377049577,95.6422215493513
768,"[117.1949909242, 123.38841858370002]",41.76849445461132,95.64648971188772
769,"[117.20179219059999, 123.38048147530002]",41.75308596908722,95.6455932334221
770,"[117.20572635899998, 123.3621203384]",41.7401445434809,95.63525316029464
771,"[117.215254811, 123.3499228035]",41.729466314562934,95.63323288407203
772,"[117.20525506810002, 123.32967246610002]",41.718495497409116,95.6117817160523
773,"[117.22955378740002, 123.31752876300001]",41.69850104705987,95.62016063880712
774,"[117.24274531530001, 123.31050391240004]",41.70110965920894,95.62440435267072
775,"[117.23120089090001, 123.32118729140002]",41.706064598380955,95.62392388171143
776,"[117.2400145632, 123.30784903600002]",41.70618643988009,95.62059669647986
777,"[117.21390848360001, 123.29384784740002]",41.68542480434189,95.59230711270368
778,"[117.2423788839, 123.29407494029998]",41.690090139481,95.6124374369631
779,"[117.2323979597, 123.30485215779998]",41.69042396566256,95.6131185468684
780,"[117.253778245, 123.25963569210002]",41.67411923838538,95.59589352023559
781,"[117.2568501277, 123.2115989927]",41.67022260596685,96.06082184808083
782,"[117.22657765780001, 123.17396705619998]",41.629665623006055,96.01272779586904
783,"[117.23157848729997, 123.1335850445]",41.56519666651697,95.98719615014863
784,"[117.25237660839998, 123.04231652390007]",41.510534197824626,95.93614181422033
785,"[117.26827065580001, 122.9156578543]",41.44284305425282,95.85635639192377
786,"[117.24087100389995, 122.77859787839998]",41.37814218791468,95.73901591753308
787,"[117.23024376579995, 122.64253299570002]",41.287594232675495,95.63415963186557
788,"[117.17972741929997, 122.5847784944]",41.23845951666497,95.55754321185087
789,"[117.15112145259997, 122.5283376596]",41.18678544275983,95.49716984901909
790,"[117.14735824519995, 122.5260081405]",41.191549759606076,95.49287426032164
791,"[117.15253238559997, 122.55328808989998]",41.14447243029758,95.51601208394725
792,"[117.14013542039999, 122.5252229024]",41.14718442752344,95.48726749938213
793,"[117.14846118019999, 122.5408123648]",41.16926260627686,95.5042395921873
794,"[117.14590701569998, 122.54774661350001]",41.15133779187559,95.50741890758029
795,"[117.15214947999998, 122.50408103790001]",41.151333342815924,95.48053073284535
796,"[117.16213082279997, 122.49309418050001]",41.17823023801564,96.47863642130794
797,"[117.17542251479996, 122.48664854550003]",41.18261258166123,96.48332001059738
798,"[117.16333599909994, 122.49000961320003]",41.175851292655224,96.47727328119743
799,"[117.13520327039996, 122.47256794910002]",41.16446528919542,96.44513505142412
800,"[117.13372335639995, 122.45995616100002]",41.17292299587887,96.43508215098021
801,"[117.11423557849996, 122.47864461160003]",41.18227860986229,96.43482558569066
802,"[117.11016881589995, 122.50496829140002]",41.166594650216254,96.45081357927425
803,"[117.06630945269997, 122.48855987500002]",41.158683209817156,96.408431754906
804,"[117.06171635169996, 122.50361046430004]",41.17895918452693,96.41599344704235
805,"[117.08876959109998, 122.48121502640002]",41.176034628868145,96.41886854623023
806,"[117.07739350709993, 122.47819231340003]",41.1673485808009,96.40875753326165
807,"[117.06456995229995, 122.47128014350004]",41.179178449747006,96.39485284502126
808,"[117.07307029479996, 122.49495852500002]",41.191572082741914,96.41773317857619
809,"[117.07223418639997, 122.49137865610003]",41.17443031518101,96.41458758122103
810,"[117.08224437409999, 122.5227789509]",41.16985730510471,96.44404938389953
811,"[117.04531144020001, 122.53111915100003]",41.16032727455577,96.42422644078734
812,"[117.04460097609999, 122.52409858220003]",41.164511029760725,96.41870468785599
813,"[117.02786293039999, 122.52757175030001]",41.151876085149276,96.40950427580769
814,"[117.04332864489997, 122.51986149010001]",41.13368858713203,96.41478322607483
815,"[117.04758816579995, 122.53271343599998]",41.12942451120165,96.42695743295748
816,"[117.00678033499995, 122.53013009999997]",41.145997188809844,96.39661825566824
817,"[116.97520409379989, 122.47964497999997]",41.15554069173997,96.33842727331287
818,"[116.95876162389992, 122.41169932349997]",41.13131064735235,96.27830791752046
819,"[116.95423381519993, 122.2983660464]",41.09314366048095,96.19406194321016
820,"[116.91906587899993, 122.19039906640002]",41.05982518088926,96.092280568826
821,"[116.92177401169992, 122.0894241352]",41.01065628979303,96.55441685788955
822,"[116.90943675359993, 121.95893852420001]",40.94561780473382,96.45189426240444
823,"[116.91577355249994, 121.9050744839]",40.933606497542904,96.41753084388154
824,"[116.91471511799992, 121.92623263149999]",40.96810030529916,96.43202028391518
825,"[116.91313721659994, 121.93833396129999]",40.93546869252781,96.43963334388977
826,"[116.93896685689994, 121.9471088295]",40.91094231447035,96.4638829317566
827,"[116.92713257769992, 121.9314682775]",40.90715103253677,96.44441046317559
828,"[116.91520701239995, 121.9270525305]",40.912633657543225,96.4329518528021
829,"[116.90986853439993, 121.95102476650001]",40.910681650609575,96.44649783496249
830,"[116.89724358159992, 121.94998297430001]",40.91532393756729,96.43698382306725
831,"[116.91105427829987, 121.91055717770003]",40.92464532445251,96.41819840575769
832,"[116.9129985558999, 121.91664936060002]",40.92303876864041,96.42393226857514
833,"[116.93831801659994, 121.91306096020001]",40.94092375099736,96.43893467179403
834,"[116.90899225059994, 121.89137342510001]",40.93798216669237,96.40296348394567
835,"[116.90617803009992, 121.8830216644]",40.93600284021258,96.39500019546706
836,"[116.92160627679993, 121.89198802810002]",40.91975470914501,96.41216684662741
837,"[116.92859515119996, 121.89843005920002]",40.924766861582356,96.42165568674793
838,"[116.91903628129994, 121.89973051170001]",40.916217394280075,96.4159519910547
839,"[116.94110366269996, 121.915921818]",40.92638689162587,96.44292767105782
840,"[116.93122017329993, 121.9389185427]",40.91396490598906,96.4526099926214
841,"[116.91616166099995, 121.9563318258]",40.92095450682408,96.45468648094531
842,"[116.9267144945, 121.9377745815]",40.92831634677483,96.44865809642293
843,"[116.9559220225, 121.93871235959999]",40.93702104956658,96.4696162665384
844,"[116.94426096120002, 121.93810875140001]",40.92962094059354,96.46108331859811
845,"[116.98421091219998, 121.92975762670001]",40.931457043351614,96.48282495624848
846,"[116.99510521359998, 121.9497099781]",40.93387274186493,96.50474486346377
847,"[117.04053749290001, 121.9440978458]",40.948966921793634,96.53227615139917
848,"[117.08287906230002, 121.92487074460001]",40.94341354363985,96.5478865638651
849,"[117.0973084853, 121.89620199670001]",40.94410469789164,96.53731871895471
850,"[117.13703208090001, 121.85413045100002]",40.92240885677347,96.53473521984765
851,"[117.12709497229999, 121.81737058640002]",40.89804679881322,96.50142414062839
852,"[117.10275682199999, 121.8038591297]",40.90968070529322,96.47478244678578
853,"[117.13456358570002, 121.73306215539996]",40.869864341006945,96.44611363451563
854,"[117.12972924909997, 121.70013873189997]",40.82068836011262,96.41912556719615
855,"[117.1258147797, 121.66760616729998]",40.78439915515395,96.3930627697297
856,"[117.1169346225, 121.64247080289996]",40.76291905421789,96.36884774152254
857,"[117.12926161119998, 121.62080688329998]",40.76357712203191,96.36190575813046
858,"[117.14084375679998, 121.61058525619997]",40.77721420459216,96.36265246797755
859,"[117.12376612309998, 121.59694096269993]",40.7652724205645,96.34096461287896
860,"[117.13700242149999, 121.58201576709993]",40.77152531062629,96.34683104401114
861,"[117.15834741089999, 121.58983679199997]",40.79156954755841,96.36721880959638
862,"[117.14107516579998, 121.57283705449996]",40.79783265625226,96.34299644688407
863,"[117.14977190169999, 121.57679397049996]",40.80986747028857,96.35186104248683
864,"[117.1256769974, 121.608461842]",40.798604378514234,96.3581666040683
865,"[117.1334198033, 121.58117606670001]",40.83116968667621,96.3437516226007
866,"[117.1505371885, 121.5816874741]",40.81166564063881,96.35593120558467
867,"[117.1232716327, 121.6109693256]",40.797518745821115,96.35832345588254
868,"[117.12998237569998, 121.61700528569997]",40.764618178754176,96.36732242015346
869,"[117.1330436106, 121.6127918813]",40.788859916405734,96.3663826705966
870,"[117.132859793, 121.61202367169999]",40.768352799710264,96.36569963232296
871,"[117.14609833919998, 121.628704502]",40.74757219931507,96.38690879396036
872,"[117.13573673479999, 121.63627346499996]",40.72312685316417,96.38524418808397
873,"[117.13092466920001, 121.61919063589998]",40.72223497937343,96.36955477563698
874,"[117.1386058222, 121.61278752039996]",40.722176495471416,96.3702158222077
875,"[117.1589303612, 121.60677704089998]",40.7500525176636,96.3798839805671
876,"[117.14653225620003, 121.61071248129996]",40.74666714581738,96.37418066698652
877,"[117.15101537200002, 121.59062778659997]",40.764055377468786,96.3627328077454
878,"[117.14140686760004, 121.62136462539995]",40.78239936352898,96.37835829106538
879,"[117.16335350190003, 121.62726987559996]",40.78202184924961,96.3977714956114
880,"[117.17028710510002, 121.66140633089995]",40.78483070086503,96.42727127589329
881,"[117.17823117190001, 121.65940490849995]",40.81005702521777,96.4313007996445
882,"[117.19007235379999, 121.66308706839993]",40.834779275320415,96.4421340734338
883,"[117.1812933234, 121.62288309869994]",40.84737073394316,96.40697133532362
884,"[117.18079988210002, 121.63660354579993]",40.85329711947041,96.41656364806268
885,"[117.1632399231, 121.65861892129992]",40.873196034453656,96.4203927788366
886,"[117.19817786139998, 121.69242450649993]",40.87914775396628,96.46896774204487
887,"[117.19417391259996, 121.66873049499992]",40.88146290079223,96.44904924546555
888,"[117.21205687159998, 121.69673707289994]",40.872178887011216,96.48166243788032
889,"[117.20172870489999, 121.70783578709994]",40.86752150188146,96.48257704265367
890,"[117.18183048499998, 121.70658915789991]",40.84786673642819,96.46795384368232
891,"[117.13297247649999, 121.70631593369995]",40.87004554332607,96.43407605455886
892,"[117.13035724929999, 121.68631233819993]",40.868433510367254,96.41778049789781
893,"[117.12921803589998, 121.68004523939993]",40.85488469379264,96.4124549322209
894,"[117.13271639879997, 121.67718541369993]",40.8597764675417,96.41279473897762
895,"[117.12357557289995, 121.66152440059994]",40.84698420273609,96.39514836824554
896,"[117.12395206229998, 121.67194801169994]",40.839096805454794,96.40295892627262
897,"[117.11369959709998, 121.68141087879991]",40.83369473592718,96.40274779592953
898,"[117.10072833789997, 121.68490280639995]",40.86062781650019,96.39633833324541
899,"[117.11138841459996, 121.69587664559995]",40.84780845978853,96.41163657326528
900,"[117.09167182349995, 121.70034732769993]",40.86496676305267,96.40129008835038
901,"[117.08584606749996, 121.70155151439992]",40.89057597058285,96.39814891622109
902,"[117.09454643179994, 121.69684871229997]",40.850555723561236,96.40073523184792
903,"[117.10836216479991, 121.65864796629994]",40.838778457661064,96.38257715720444
904,"[117.1012659511999, 121.66572021629996]",40.858085075409754,96.38280962577721
905,"[117.07506318609991, 121.69175773809997]",40.88374248290435,96.38362139982972
906,"[117.0861020896999, 121.69135497779999]",40.86973716016848,96.39093530393659
907,"[117.07762424269991, 121.68819372459996]",40.86968677998712,96.38280282232031
908,"[117.10776939859993, 121.68652505529994]",40.85628530425065,96.40236624497102
909,"[117.10666335249991, 121.69626892589993]",40.85486825744676,96.4086646422835
910,"[117.10204649009992, 121.70062330219999]",40.829630319632614,96.40863868248054
911,"[117.10903535169993, 121.69778409859997]",40.82376074923286,96.41139720067002
912,"[117.10793955329994, 121.69532051649998]",40.860032959468825,96.40885684427484
913,"[117.07729172959995, 121.69217428020004]",40.84863373895872,96.38545871276888
914,"[117.08365689209994, 121.69448337570003]",40.8523960212249,96.39151781381516
915,"[117.06042372319993, 121.68404472320002]",40.84668911749314,96.36794508490372
916,"[117.09140663939992, 121.67413268230003]",40.85562220819516,96.38211004864256
917,"[117.0947332188999, 121.68762301650004]",40.826484093611434,96.39417815876332
918,"[117.0959718760999, 121.68095472890008]",40.81808146548983,96.39019957486984
919,"[117.10798058519993, 121.68221057440003]",40.81030235015411,96.3993855873892
920,"[117.11232609139992, 121.68518533390005]",40.81899461528041,96.4045359385431
921,"[117.09462777759992, 121.67939993640005]",40.805888356017775,96.38814665624325
922,"[117.10527242079993, 121.69089022950004]",40.813401298861635,96.4038084965625
923,"[117.09503535609993, 121.69243240360004]",40.83380093840215,96.39787162079756
924,"[117.09069570279996, 121.69581936080002]",40.84168861637114,96.397335926913
925,"[117.09109716599997, 121.69600525040005]",40.83599804500554,96.39774726830358
926,"[117.09474964819998, 121.6828302536]",40.78565463877478,96.39071637394132
927,"[117.06572555119996, 121.67638255070001]",40.76758704880252,96.36604434173601
928,"[117.05660801629996, 121.66483144220003]",40.757794992649806,96.3513905691482
929,"[117.08813007259998, 121.65618724900003]",40.73974646860353,96.36684891920497
930,"[117.07697324049994, 121.62837237130003]",40.75926751410397,96.33900678971905
931,"[117.05227239499995, 121.59239934910006]",40.761675234261546,96.2959192299388
932,"[117.03722945269999, 121.57005237040005]",40.769302776995666,96.26936075886493
933,"[117.07996927960001, 121.55877308650003]",40.750030215659116,96.2906625691467
934,"[117.08987955530002, 121.52234261820006]",40.742165271807295,96.27112332382094
935,"[117.0620597493, 121.51042034200003]",40.724347875191405,96.24330011990206
936,"[117.0305025568, 121.43851540230007]",40.670879985458754,96.1694779456312
937,"[117.04866434339999, 121.40983194520004]",40.70116787138821,96.16125568811611
938,"[117.05103260710001, 121.39306141150004]",40.688020047453094,96.15075732633547
939,"[117.053483703, 121.39436581060004]",40.68833552732208,96.1533931909869
940,"[117.04563012249999, 121.38817539280004]",40.68445951474319,96.14349277941754
941,"[117.021443297, 121.40360762750002]",40.72181621265069,96.13796305096989
942,"[117.00256541929996, 121.38206668500003]",40.75129642531348,96.10934607286191
943,"[116.98215086599996, 121.3672896672]",40.71844948215728,96.08456325057139
944,"[116.98657399419999, 121.34991827980002]",40.70404598283174,96.07504591509401
945,"[116.981638067, 121.33335606119999]",40.68717161577941,96.05965539292087
946,"[116.97829168979999, 121.3341826788]",40.7037354746367,96.05794342848904
947,"[116.96863377099994, 121.3019081176]",40.70897046118302,96.02792634141838
948,"[116.97226615029994, 121.2925911535]",40.71506116148058,96.02369457462825
949,"[116.96077163019994, 121.31406862809997]",40.73681644535264,96.03129635163795
950,"[116.96744118469995, 121.30661765209997]",40.7373354807537,96.0305100026342
951,"[116.96745447689996, 121.30888056159998]",40.753374144754744,96.03215628255776
952,"[116.99406542269998, 121.33153413879998]",40.76812281851244,96.06691662745789
953,"[117.00692875579996, 121.31627979239998]",40.762899289698915,96.06476403268158
954,"[117.00883503869998, 121.29838656659999]",40.78067994981066,96.05313944274096
955,"[117.02162203709995, 121.27284886909997]",40.76183801111622,96.04350596963722
956,"[117.03440463009996, 121.29121242919999]",40.75157406139784,96.06561369239763
957,"[117.02590640029999, 121.27021064569999]",40.753544987717866,96.0445585356453
958,"[117.02783053149999, 121.2610082969]",40.780700207675544,96.03923527907742
959,"[117.03771500009996, 121.2480632281]",40.79882137075688,96.0367082336909
960,"[117.05325342529997, 121.2403297449]",40.798942003617256,96.04185811640237
961,"[117.07037959919997, 121.25786880990003]",40.78442186621713,96.06637056840202
962,"[117.06705043049999, 121.24292349690002]",40.788522317850756,96.05326929521648
963,"[117.08009089989999, 121.2409067807]",40.79130898713572,96.06082689888517
964,"[117.05077929119996, 121.25417444860001]",40.78401297070919,95.36858771713686
965,"[117.07029839309996, 121.22371891170002]",40.795141642808446,95.36034129840623
966,"[117.07882415079997, 121.2382094327]",40.80560492215759,95.37667524118301
967,"[117.06316842049999, 121.22642792580001]",40.8200310744247,95.35731570141408
968,"[117.0537887166, 121.21685461879999]",40.799632887481614,95.34391331908354
969,"[117.05263856839998, 121.2095981294]",40.77159733237913,95.33790731342523
970,"[117.0624811875, 121.17133354239996]",40.766009262483095,95.31732846548027
971,"[117.03977200909998, 121.13208630169997]",40.768251018779246,95.27335947098591
972,"[117.01846568279998, 121.09019595899997]",40.7496071857004,95.22847540975556
973,"[117.01795774680002, 120.9910629079]",40.732896977402504,95.1570895131986
974,"[117.02359818020001, 120.93962250909995]",40.71558556322987,95.12418838597449
975,"[117.06837835929998, 120.90388933539997]",40.69672064068214,95.12988299219379
976,"[117.0758893369, 120.87725180559997]",40.7168758788679,95.11607192680965
977,"[117.0737917276, 120.85230596569998]",40.73697016527996,95.0967616504165
978,"[117.08527020580003, 120.86653090489993]",40.69108825466004,95.11495805465026
979,"[117.07863672730002, 120.87839325489995]",40.696379841135894,95.11880819019855
980,"[117.04403963900002, 120.86840435819994]",40.71815800753322,95.08748976021482
981,"[117.03538344079999, 120.86278395519994]",40.74604309210094,95.07742109089617
982,"[117.02296724779998, 120.87980082899996]",40.75520093046048,95.08092561357054
983,"[117.0151177134, 120.89489140209994]",40.75992573420988,95.08624465202944
984,"[117.0374961922, 120.89657573619998]",40.763028083916176,95.10307851321555
985,"[117.0949550046, 120.90492933739993]",40.77663736579403,95.14919397609478
986,"[117.10415496249999, 120.92014459349996]",40.75920090654594,95.1665073790041
987,"[117.1041815254, 120.87966813909998]",40.734377776424715,95.13757088069288
988,"[117.10408123200001, 120.88921079509996]",40.74048011375095,95.14432642856977
989,"[117.08544811790001, 120.89047780299994]",40.74377327926008,95.13221265923104
990,"[117.06859116230002, 120.88687594289996]",40.725929927850004,95.11785823375033
991,"[117.06863089900001, 120.89144049859995]",40.70680453079927,95.12115187649475
992,"[117.05658602859998, 120.89306412629998]",40.66970304411066,95.1138993670879
993,"[117.05468930469999, 120.87898237379996]",40.66384467263224,95.1024983194354
994,"[117.04373935759997, 120.86154434269996]",40.676259715708525,95.08237168373753
995,"[117.02207873139997, 120.85933206829998]",40.68895677422532,95.06565696288493
996,"[117.03073471859997, 120.86433945139999]",40.690669692072284,95.07528666237167
997,"[117.00381959749997, 120.865025729]",40.6680954831997,95.05697816488663
998,"[116.99968451099996, 120.88685982489994]",40.67045891620745,95.06971870027729
999,"[117.00876193209996, 120.90046337839995]",40.68389713257207,95.08579514548798
1000,"[117.01078393729996, 120.90467353809996]",40.6433888222624,95.09022089448794
1001,"[117.03370434589995, 120.93674549059999]",40.63282031119785,95.12918423753955
1002,"[117.00634748319993, 120.95687098709998]",40.60048327005237,95.10487448853397
1003,"[117.01273235929993, 120.93911732619998]",40.60451785379139,95.09679651960613
1004,"[117.00522759299996, 120.92305055779998]",40.5556404841179,95.08011585157688
1005,"[116.97394884089995, 120.88521796019997]",40.5404597581816,95.03123707445619
1006,"[116.9221891238, 120.84374654479996]",40.48104405060535,94.96532832371656
1007,"[116.93292055679996, 120.76112750619997]",40.405821679811886,94.91437619665437
1008,"[116.88439404869995, 120.66821457519997]",40.36185991383845,94.8143225048142
1009,"[116.88563755739997, 120.51706938729995]",40.30618818446446,94.708264267714
1010,"[116.87573212579997, 120.36192669349997]",40.21807377829052,94.5916128795708
1011,"[116.86695111699997, 120.22172873009991]",40.130511551538696,94.48641515410114
1012,"[116.81332501569996, 120.13943687849996]",40.036370370458826,94.39035094186598
1013,"[116.78550472639996, 120.02920989339992]",39.921472422686385,94.2928881751384
1014,"[116.76196296309998, 119.91256270139995]",39.86127747395214,94.33017417179398
1015,"[116.76404930029997, 119.77061895549997]",39.77514113200028,94.23278390357132
1016,"[116.72585475519998, 119.66264559719997]",39.68074876128359,94.13020376722835
1017,"[116.70402130999999, 119.62856551299997]",39.65427170006278,94.09080868657878
1018,"[116.66834807109997, 119.58024585939995]",39.63739733568187,94.03156644926354
1019,"[116.6478466936, 119.57296562139994]",39.63911343999605,94.01177566414671
1020,"[116.6735255142, 119.57384962999993]",39.623011128464455,94.03083566940256
1021,"[116.67163016839999, 119.57764340359994]",39.63064462935056,94.03211344391492
1022,"[116.67132350109999, 119.60034147099994]",39.63316690099619,94.04768573898262
1023,"[116.65785138559998, 119.59956256179994]",39.61248088599254,94.03746840228769
1024,"[116.66296641779999, 119.57845231799995]",39.62068971101344,94.02645301993223
1025,"[116.6901144846, 119.56709850109995]",39.650486339395485,94.03805735061025
1026,"[116.69034842349998, 119.59362993249995]",39.65098904229226,94.05668120651511
1027,"[116.6863719092, 119.60209563919996]",39.67835429057686,94.05971465796146
1028,"[116.68432026150002, 119.61764437999994]",39.68673183777044,94.06906004103288
1029,"[116.6947537541, 119.63955372099997]",39.68231623661934,94.091799306521
1030,"[116.7084395026, 119.62976361259996]",39.6697058743627,94.09481561944871
1031,"[116.71291232560003, 119.63972961359995]",39.67981780393573,94.10496255758855
1032,"[116.70723134350001, 119.65686991919995]",39.69275784783797,94.11281047053082
1033,"[116.6998012515, 119.63833138619995]",39.70061253842792,94.09457346405688
1034,"[116.71055008270001, 119.64943235499996]",39.689571948143104,94.11001777226386
1035,"[116.70220103600002, 119.65440667949996]",39.68154249521554,94.10748397795132
1036,"[116.7029496474, 119.65020778469996]",39.68650598154914,94.10509933332644
1037,"[116.686957876, 119.63851034509997]",39.69188567786708,94.08547494914954
1038,"[116.68623895270002, 119.63806133009997]",39.69588496005063,94.34075332569536
1039,"[116.70884458450001, 119.63777546289997]",39.66952249726142,94.35662409782772
1040,"[116.72160189350002, 119.62586279039999]",39.663890318325244,94.35731986807788
1041,"[116.717448586, 119.63435376979999]",39.66969234982044,94.36033611258922
1042,"[116.69935399820001, 119.62834515299997]",39.67634278855383,94.34324497351692
1043,"[116.66954922280003, 119.61352261299999]",39.6838484163987,94.31163089540472
1044,"[116.64430692059999, 119.6101331056]",39.66939581946769,94.29130254705487
1045,"[116.6112141841, 119.5772507978]",39.66203596620155,94.24465101084141
1046,"[116.6309462195, 119.54312409899998]",39.61209109295497,94.23468154627113
1047,"[116.63431850869996, 119.5211810031]",39.61954867715325,95.20835829330606
1048,"[116.64917917659997, 119.5098565414]",39.60965984071214,95.21093763854003
1049,"[116.66825860160002, 119.4497939797]",39.58438248371926,95.18221886835543
1050,"[116.6756379808, 119.37419069509998]",39.58195195946301,95.13428641040284
1051,"[116.65716369880003, 119.273035225]",39.51933530073895,95.05004042894245
1052,"[116.65688479129999, 119.15082147289996]",39.46809920243085,94.96399973808742
1053,"[116.67066441009997, 119.03005025739998]",39.41346071066228,93.88997385783922
1054,"[116.66482381479999, 118.89931028289998]",39.37807403415749,93.79419857002925
1055,"[116.68274298030002, 118.76315310449996]",39.32719576111926,93.71169567679416
1056,"[116.72638053120004, 118.64639640099996]",39.252237090903556,93.66127616818277
1057,"[116.74278522219998, 118.5467252921]",39.228657774669294,93.6034151225699
1058,"[116.7573484938, 118.51762239969999]",39.210837241079666,93.59353465871743
1059,"[116.76499375980002, 118.48179998299999]",39.18681333890096,93.5740202632985
1060,"[116.76772026750002, 118.47136383159997]",39.18718323961801,93.56869480564436
1061,"[116.76933937830003, 118.47481509169997]",39.16814786244302,93.572262234305
1062,"[116.76751184860004, 118.44557212789998]",39.16902583277467,93.55055842760108
1063,"[116.75055502500003, 118.4111364377]",39.15122695975613,93.51439255762432
1064,"[116.71749526930006, 118.42380622569999]",39.15492522832191,93.4995328648999
1065,"[116.73445914880006, 118.41714466749998]",39.13947251438207,93.50704459582701
1066,"[116.73546477530006, 118.4405177755]",39.14301271936866,93.52406586844194
1067,"[116.75581992390005, 118.45017964899996]",39.157553071075334,93.54539181936966
1068,"[116.78755501080009, 118.46951571539998]",39.15799677262173,93.581620981478
1069,"[116.78686050010009, 118.45868533219996]",39.13226644099905,93.57357092759926
1070,"[116.78936408840009, 118.46418077239997]",39.1452317132719,93.57919742427993
1071,"[116.78533115670007, 118.4601959753]",39.12738788522497,93.57352810227304
1072,"[116.76284137580006, 118.46721708769999]",39.13153342932122,93.56230629233458
1073,"[116.78885574040004, 118.45625867819999]",39.1661119290844,93.57330904982659
1074,"[116.79541246000002, 118.46499665469999]",39.15553784897472,93.58410170566728
1075,"[116.81290742160004, 118.44283441960002]",39.13632351349971,93.58119290951214
1076,"[116.80179901810004, 118.4457959995]",39.11831157397739,93.57529306140263
1077,"[116.81482673290003, 118.43393028560001]",39.11912774686122,93.5763626047479
1078,"[116.78177434260004, 118.43100570100002]",39.13668894392025,93.550625835348
1079,"[116.76820238190004, 118.41288692040001]",39.154181167624394,93.52826422047633
1080,"[116.78923564990004, 118.39098183440001]",39.15607388544929,93.52807765868386
1081,"[116.78115569290004, 118.38626373480001]",39.13605971542339,93.51899498036957
1082,"[116.77700708950005, 118.3698749985]",39.13824623576926,93.50459852194243
1083,"[116.76152892760003, 118.36049703450003]",39.11763558578069,93.4869624220293
1084,"[116.76433027000004, 118.36080064170001]",39.122548025522164,93.48918308218585
1085,"[116.75064683830004, 118.3759922765]",39.10608100947632,93.48995835358188
1086,"[116.77637755120004, 118.3586034844]",39.07659046453944,93.49629267895506
1087,"[116.75603661650004, 118.35463675839999]",39.07584613212,93.18154373915102
1088,"[116.77014686420006, 118.3357298094]",39.055156342343686,93.178729763781
1089,"[116.82325903860004, 118.32880376480001]",39.0841137728921,93.21244164370331
1090,"[116.88668733450004, 118.26731292969998]",39.07461327280175,93.21608570739025
1091,"[116.8479969287, 118.2390021596]",39.03281951635413,93.16853274728022
1092,"[116.89576858219998, 118.15124904460002]",39.008982828705484,93.14282800935749
1093,"[116.91772694969995, 118.06702455550003]",38.96975116859842,93.10088851579043
1094,"[116.93042772079998, 117.96773752640001]",38.93452496383341,93.04194020831758
1095,"[116.94912039319998, 117.82966330880002]",38.87458823585921,92.96083044105562
1096,"[116.95537895829997, 117.72647755300001]",38.829387245849375,92.89468690676634
1097,"[116.9676767816, 117.62247974749997]",38.74592321939007,92.83245991173592
1098,"[116.95879281019995, 117.4597250589]",38.65714237995867,92.71468955035523
1099,"[116.93699063979997, 117.33068199069997]",38.59120740683376,92.61062622688394
1100,"[116.90090962099997, 117.25061749729998]",38.53867285317656,92.52960769948845
1101,"[116.88754973399995, 117.21060159649998]",38.52264293906746,92.49253614645083
1102,"[116.87755618969993, 117.16405768579996]",38.49292372269602,92.45347795440512
1103,"[116.85392195829995, 117.17928476599997]",38.47414525029217,92.44658433635217
1104,"[116.84566641729994, 117.18492799579995]",38.465082713863055,92.44439957739047
1105,"[116.83780616279992, 117.19769273239997]",38.503305453736544,92.447364881901
1106,"[116.83315021139991, 117.21908264129996]",38.49864094074648,92.45856178313257
1107,"[116.82327107599991, 117.20412955919996]",38.5096105111773,92.4411351763223
1108,"[116.84859895839995, 117.17048046709996]",38.51803861937599,92.43668578051008
1109,"[116.81616627089996, 117.19462034549998]",38.505366626274764,92.88873360801747
1110,"[116.85517025849998, 117.19004839079997]",38.51246103790804,92.9144085312772
1111,"[116.86542431089998, 117.16422650889997]",38.53216031668992,92.90453744303667
1112,"[116.86903313049997, 117.19118103509996]",38.51203346395478,92.92539826117773
1113,"[116.85988818959997, 117.19212168019996]",38.51585248599519,92.91928831572848
1114,"[116.86352961489996, 117.20173897769995]",38.50382140587871,92.92846861924049
1115,"[116.87363764979999, 117.16893945739996]",38.52573058316502,92.91377838990127
1116,"[116.89195981269997, 117.1621492712]",38.52888866552229,92.92271322819019
1117,"[116.8975260382, 117.13820622739999]",38.56493934141243,92.91066275690389
1118,"[116.87314323059998, 117.1553805114]",38.54880418412866,92.9042607962852
1119,"[116.85041626899998, 117.153892032]",38.53747087789112,92.88648882501712
1120,"[116.8558193434, 117.14910819880001]",38.558829763750424,92.88724539065987
1121,"[116.848214856, 117.14933343210001]",38.54943202125962,92.88178725763258
1122,"[116.8534747455, 117.15919217460001]",38.57897477823502,92.8923233227931
1123,"[116.8750205484, 117.1709994021]",38.57718134808118,92.91618924318652
1124,"[116.84397931450002, 117.168591893]",38.57619045106494,92.81913084033306
1125,"[116.8637971943, 117.1659021241]",38.57448696890433,92.83209789652327
1126,"[116.85030971940002, 117.15364795079999]",38.57929409685889,92.81387538903037
1127,"[116.85534177739999, 117.15016750090001]",38.58059528544725,92.81530209656566
1128,"[116.85608088250001, 117.1112567683]",38.57993386858828,92.78989995681466
1129,"[116.85653363980002, 117.11707779599999]",38.587488386199155,92.79411927128935
1130,"[116.85728150280003, 117.11483167200002]",38.5839291738989,92.79317863111801
1131,"[116.84920002830002, 117.1066347279]",38.60431174972392,92.78169022252382
1132,"[116.83867123680002, 117.088264866]",38.59595839136949,92.76159432897097
1133,"[116.83630144480003, 117.08373279630004]",38.6038548936085,92.75680625563848
1134,"[116.80633988940004, 117.05540693620001]",38.57258683359705,92.7155901179552
1135,"[116.80924444700003, 116.96444306720001]",38.55580367952633,92.65712646421686
1136,"[116.81179623050002, 116.8615054122]",38.51679353348488,92.59048185856861
1137,"[116.82482789109996, 116.73939588480002]",38.4716648601172,92.51898465933542
1138,"[116.78776537399999, 116.58214545900005]",38.44287068754459,92.38680486927814
1139,"[116.77503957479996, 116.45915120330001]",38.41389380484399,92.2956536241679
1140,"[116.74826685540002, 116.3073796355]",38.3676166338513,92.17498877617918
1141,"[116.76951190339994, 116.17010468430004]",38.29416783080537,92.10001765626073
1142,"[116.7681132714, 116.0919591992]",38.27244110957796,92.04728268168925
1143,"[116.76418157569998, 116.0319427197]",38.25464882929286,92.00466156233534
1144,"[116.7852566557, 115.97766574229999]",38.22657195606014,91.9652537951886
1145,"[116.81007941500002, 115.92582839510001]",38.22904285236033,91.94907778936687
1146,"[116.81633374970002, 115.9451914338]",38.222937430746356,91.96666789097802
1147,"[116.82221064620002, 115.95787322330001]",38.237098892145404,91.97951388809877
1148,"[116.83986792660004, 115.9515336511]",38.24152022792332,91.98841630083096
1149,"[116.80493665700001, 115.9303954123]",38.26678490914995,91.94830229661055
1150,"[116.80990495650003, 115.9260826536]",38.25416834921954,91.94911783287685
1151,"[116.81937587570002, 115.9251442096]",38.26651619149965,91.95553854671248
1152,"[116.82222130950004, 115.93222584430004]",38.27010085539427,91.96238661571563
1153,"[116.79991708110003, 115.91994438060001]",38.260676826384525,91.93758506986332
1154,"[116.79768045490003, 115.91137511790001]",38.25713292130377,91.93019601679433
1155,"[116.77456553990004, 115.92598927149999]",38.255434948672466,91.92276213619253
1156,"[116.74214213900004, 115.89633296499998]",38.262791870650574,91.8788233494447
1157,"[116.76598328160004, 115.91218727949996]",38.284810559397435,91.90715440674757
1158,"[116.78856276120004, 115.93629348399998]",38.30084109070756,91.06232083523831
1159,"[116.78281257610006, 115.90164226359997]",38.3036995043632,91.03500569558432
1160,"[116.78529319540006, 115.88623305849997]",38.28820540715525,91.02662712263044
1161,"[116.77772183000006, 115.90468958299998]",38.29139572854879,90.77566267476608
1162,"[116.77592066350007, 115.90765920429997]",38.28927631103968,90.77625232954288
1163,"[116.77906912440007, 115.91021638679999]",38.28475224641812,90.78030613290358
1164,"[116.75287620010008, 115.89321095819997]",38.299568849633076,90.74938267087745
1165,"[116.74452497840007, 115.9118983232]",38.288977863414495,90.75534771009005
1166,"[116.72860819480003, 115.91800349929997]",38.26899568975704,90.74734936337116
1167,"[116.7603966788, 115.90249167569996]",38.27879093541371,90.7611477681281
1168,"[116.7615915107, 115.87395062989998]",38.26255856222731,90.7433206934868
1169,"[116.80298933509998, 115.90356290099997]",38.2602417263153,90.7939912367701
1170,"[116.808805194, 115.91809202139997]",38.26367717496035,90.80791285490405
1171,"[116.83409655380001, 115.88793122049996]",38.28790682851175,90.80721814589387
1172,"[116.8722176986, 115.8663574054]",38.293063029743514,90.82185834161132
1173,"[116.8790875697, 115.83742298749998]",38.2583650240708,90.80808522325968
1174,"[116.9159743784, 115.78139419319997]",38.2614048445133,90.79926245538098
1175,"[116.9231411641, 115.72363331139995]",38.23301179471717,90.76687752976767
1176,"[116.8952508223, 115.62504206209996]",38.203843942671774,90.68129641836107
1177,"[116.92683454520002, 115.47119670049999]",38.1541073366745,90.60471207437189
1178,"[116.9503706207, 115.33789168959997]",38.11156578682209,90.53561501346876
1179,"[116.97426444479997, 115.19558099959994]",38.0422085911003,90.4610795108399
1180,"[116.97513049080003, 115.04532432079993]",37.98733851640811,90.36404438573602
1181,"[116.96516722880004, 114.88874210079996]",37.93455801441607,90.25481021257157
1182,"[117.00985465360002, 114.68856977879997]",37.850530972371985,90.15913936140709
1183,"[117.0265892134, 114.61754485979996]",37.816257515903594,90.12595150084708
1184,"[117.01484577650002, 114.59497839159997]",37.82869418510951,90.10240151010473
1185,"[116.96291228860002, 114.58858782869994]",37.811429198509515,90.05865685322355
1186,"[116.97556917009999, 114.58073527109997]",37.79915652333277,90.06323137724289
1187,"[116.97828781150001, 114.55495534209996]",37.7810900785411,90.04863555636709
1188,"[116.95416658210003, 114.56685745939996]",37.796628326317865,90.03793196772752
1189,"[116.96786516310003, 114.57288423709997]",37.7778703194503,90.05227792500715
1190,"[116.98903264460004, 114.55488182439998]",37.78680426741923,90.05678547438997
1191,"[116.98142937150001, 114.5721083805]",37.78040268033532,90.06212274339617
1192,"[116.99632220430004, 114.57223608299999]",37.77978068833677,90.07356630412339
1193,"[117.03238578230008, 114.60697417169995]",37.78488720507669,89.14939958062278
1194,"[117.04551031980007, 114.60208503289998]",37.76515722025725,89.15628224920418
1195,"[117.03884065290005, 114.59308246009998]",37.76871791417686,89.1453803611971
1196,"[117.02581174320005, 114.61160900479999]",37.793723005931184,89.14736193100049
1197,"[117.00384809040004, 114.62232990230001]",37.78605010551846,89.13748682098434
1198,"[117.01144361230004, 114.66794459110001]",37.746681410175555,89.17271361499527
1199,"[116.99857218020006, 114.65799144469999]",37.7231565419237,89.15645785367869
1200,"[117.01456317710004, 114.64555650449998]",37.727826874873806,89.16065544494356
1201,"[117.01914354760005, 114.64101424319999]",37.74586896952559,89.16122625090675
1202,"[116.97926587970001, 114.63169585479999]",37.73535074413988,89.12474240044011
1203,"[116.99050230350002, 114.63843199079999]",37.72612408390082,89.13767365582927
1204,"[116.97025606860001, 114.60599116479997]",37.74606248888317,89.10127712039167
1205,"[116.99189808070001, 114.60186709269999]",37.71950526218361,88.98584153670758
1206,"[117.03020217870002, 114.59052269019999]",37.67682900535027,89.00743663805832
1207,"[117.0472011293, 114.58341570549999]",37.66630022612883,89.01567131316332
1208,"[117.0460239116, 114.5526725049]",37.677239365072865,88.99471106438985
1209,"[117.02094372879999, 114.56498344189998]",37.63924294123676,88.98374831649238
1210,"[117.0010359038, 114.56279789949997]",37.626668427028214,88.96724302909583
1211,"[117.00816212210002, 114.56013792779993]",37.64714491717524,88.9709034483562
1212,"[116.95765111010002, 114.55767416109992]",37.65116405518206,88.93104265078337
1213,"[116.9486491219, 114.52957238179992]",37.64988446142369,88.90587163764289
1214,"[116.91935218080002, 114.53694625269992]",37.652617253901425,88.88850433354854
1215,"[116.8987158769, 114.53256134199994]",37.6424573108458,88.87001630743163
1216,"[116.88482790749998, 114.48941214769994]",37.64163161330528,88.8313133077578
1217,"[116.90792513379998, 114.42290578469996]",37.61708782555884,88.8053870009397
1218,"[116.91559120989997, 114.33932298619997]",37.57276203989759,88.75667477449333
1219,"[116.93303504129999, 114.270232196]",37.55069001267496,88.72487441223646
1220,"[116.94642689979999, 114.16936521849998]",37.54353471639655,88.66936223014021
1221,"[116.95320838009997, 114.09008991569995]",37.49953371695974,88.62294625541493
1222,"[116.9796626493, 114.03981710169995]",37.48457725158656,88.6103752248497
1223,"[116.99091269419996, 113.92391856679997]",37.47104466465897,88.54367651116604
1224,"[117.00265617259998, 113.82777135179995]",37.471997953052934,88.49025827007252
1225,"[117.0561649818, 113.71176766209997]",37.377159112437646,88.45589400427335
1226,"[117.10666734929997, 113.62251028479997]",37.3187907654453,88.43668955941803
1227,"[117.11843764809998, 113.57246093889997]",37.28064360693613,88.41333736603892
1228,"[117.15116994010003, 113.48258848809995]",37.26331248728886,88.38032452072189
1229,"[117.11745176900001, 113.40626099849996]",37.23065028721712,88.30532873969614
1230,"[117.08356977769999, 113.32748154699999]",37.2500216564771,88.22864265283268
1231,"[117.12051957639997, 113.253500773]",37.19830659753179,88.20925469629499
1232,"[117.11488278239999, 113.20050323109999]",37.15422056924209,89.16034656716641
1233,"[117.15460212789998, 113.18241381019999]",37.12460488570881,89.1790564406671
1234,"[117.15821691709996, 113.14862041880002]",37.094929647782656,89.16005039240703
1235,"[117.18920087099997, 113.12966111579999]",37.044473752007846,89.17154581139589
1236,"[117.19547611389994, 113.04199469929999]",37.04783757063089,89.11993497823772
1237,"[117.20607451139999, 113.01145983179997]",37.039083319118255,89.10841509730942
1238,"[117.24331121659996, 112.98152230429996]",37.011136885191014,89.11769934329388
1239,"[117.21779858969998, 112.97047654099995]",37.02430844335899,89.09105325917558
1240,"[117.2131341249, 112.95624763299995]",37.01619430251936,89.07833609481845
1241,"[117.20166177419998, 112.93419066219997]",36.97728032513213,89.05537338742114
1242,"[117.19544660459998, 112.88367709979995]",36.9992886347415,89.01816443504518
1243,"[117.21266106739999, 112.87624546259994]",37.00836372684651,89.02658980083251
1244,"[117.23396656569999, 112.88215385519996]",36.99539040164438,89.04671828886603
1245,"[117.22380056869999, 112.87447689539997]",37.003517210218504,89.03399531376763
1246,"[117.19323499479995, 112.86581958259995]",37.021284120034984,89.00500253372103
1247,"[117.19619846039996, 112.87797899589998]",37.05209274959981,89.01508182001078
1248,"[117.21862566909996, 112.8346420602]",37.08079280999941,89.0044599157145
1249,"[117.25030456449994, 112.83991402009998]",37.077566612428726,89.03214055238267
1250,"[117.25616910859995, 112.86708955899998]",37.064569398725325,89.05407564450653
1251,"[117.24396757969994, 112.85226930779996]",37.053822099628285,89.03520745625696
1252,"[117.28501739159996, 112.85654586089996]",37.05478575775171,89.06943855007289
1253,"[117.30043708879997, 112.86006002799995]",37.04791491886833,89.08352211269576
1254,"[117.26588080719998, 112.87882777859994]",37.08215079162716,89.06905660144953
1255,"[117.27759325309997, 112.86841962099994]",37.08147398616409,89.0713611711286
1256,"[117.25731538639998, 112.87835479389994]",37.09117620429315,89.06218419870045
1257,"[117.30641796489999, 112.90031937779995]",37.104961744323745,89.11393798949246
1258,"[117.30643432129999, 112.92031150509995]",37.09180064403507,89.12677994312193
1259,"[117.29012403829998, 112.90926030489995]",37.10048912980355,89.10717937615335
1260,"[117.2868040899, 112.92852832259994]",37.10559115026858,89.11700135342764
1261,"[117.29424671539999, 112.93198679569996]",37.12672921154721,89.12492814816814
1262,"[117.2927899833, 112.93189478489998]",37.11982711961687,89.12375212298804
1263,"[117.28262813830001, 112.93806806619999]",37.134956004422435,89.11992407716637
1264,"[117.2701247324, 112.93288449069998]",37.119086667383634,89.10701009344439
1265,"[117.2798753696, 112.92755652519998]",37.13325324632646,89.11106502078289
1266,"[117.2627549136, 112.9233050293]",37.126325240850775,89.09520939625828
1267,"[117.25634912179997, 112.92378210940002]",37.14651799919338,89.0906047360938
1268,"[117.2610496031, 112.92517243120001]",37.11809838758544,89.09510099943508
1269,"[117.2508518308, 112.89591586520001]",37.129922750230264,89.06849953427013
1270,"[117.2548015605, 112.8937525954]",37.15201168816434,89.07013944523314
1271,"[117.2813051757, 112.87093751959999]",37.17570819163857,89.07582384353368
1272,"[117.29204667329999, 112.86420380679999]",37.17594489654883,89.0797434322812
1273,"[117.3031417898, 112.9055459648]",37.182656709710244,89.11477907707636
1274,"[117.30984096910001, 112.918664263]",37.19122000819811,89.12833532242985
1275,"[117.2971725817, 112.90324944669999]",37.194136771608164,89.10872733326181
1276,"[117.29106698179997, 112.91193151649998]",37.171275947917074,89.10961690003698
1277,"[117.2734485876, 112.89164630189998]",37.161913517824175,89.08308679344945
1278,"[117.2740191778, 112.89828545030001]",37.14828444754525,90.08764799286996
1279,"[117.2891979268, 112.89307891070003]",37.14188026779444,90.0959446939904
1280,"[117.27257446019999, 112.8866582206]",37.15273101436736,90.0790763631925
1281,"[117.26875502829998, 112.91965188980001]",37.14074697932991,90.09733045267924
1282,"[117.29789494389998, 112.92938430720001]",37.180362390340704,90.1259191282297
1283,"[117.31509523009996, 112.9362205144]",37.168629702064855,90.14349541915541
1284,"[117.29651605759999, 112.91746029529999]",37.20748421624308,90.11720669380719
1285,"[117.33003305779998, 112.8983294321]",37.238239888995196,90.13063115165319
1286,"[117.32412705499998, 112.87944476369998]",37.24204420404473,90.11398442512053
1287,"[117.35110259439996, 112.81289643629998]",37.22856914566574,90.09200711479548
1288,"[117.35139697399998, 112.73614355689999]",37.17891750065287,90.04305496513797
1289,"[117.36885547809997, 112.62709842579997]",37.1375062195365,89.98667128204087
1290,"[117.37686107399999, 112.48018399339999]",37.08683995709312,89.89892533282764
1291,"[117.400246804, 112.32450860360001]",37.03830159747659,89.81759754836649
1292,"[117.44926096389997, 112.16120142020003]",37.012086267352004,89.75138831137917
1293,"[117.50492831089997, 111.98599329120002]",36.989386958244694,89.68304132305843
1294,"[117.53280336259999, 111.9107465632]",36.970022406578366,89.65685612884477
1295,"[117.53609906460002, 111.82403649659999]",36.96503123888833,89.60445421679233
1296,"[117.54154278999998, 111.78703141119999]",36.96810585338742,89.5852318714064
1297,"[117.53461072959998, 111.80371557690002]",36.96026363650293,89.59043173791135
1298,"[117.55896849829998, 111.76635610090001]",36.917949113386854,89.58563302045087
1299,"[117.56313701340001, 111.79027818630001]",36.92932014140932,89.60400266962591
1300,"[117.57388897060002, 111.80096051760003]",36.91991496048732,89.61908836520037
1301,"[117.59014095040001, 111.79628291430005]",36.93228501064479,89.62870864394502
1302,"[117.58811705750003, 111.79770804860003]",36.936382083444606,89.62804385137198
1303,"[117.6127562349, 111.76126286229999]",36.9681977414187,89.62406051611772
1304,"[117.610949286, 111.74321400370002]",36.99190994177009,90.61112975720292
1305,"[117.5852783272, 111.72914616320003]",36.97891257510775,90.5823473163713
1306,"[117.56358772040001, 111.70775744689999]",36.983381535268514,90.5520186702656
1307,"[117.5498545011, 111.69134333410004]",36.96451234423173,90.5310002569928
1308,"[117.54259982579998, 111.68128497960004]",36.96841813746715,90.51901986460348
1309,"[117.5575811642, 111.69291714020004]",36.94746042041145,90.53798126783533
1310,"[117.54443360919998, 111.68076154560003]",36.93997379530498,90.52010955212762
1311,"[117.51622163649998, 111.69069587920004]",36.92149268126216,90.50453826513325
1312,"[117.52460025279996, 111.67566990810002]",36.918285598114664,90.5015251863005
1313,"[117.54604541259997, 111.68744062680001]",36.893409744006824,90.52558155122951
1314,"[117.55139655979995, 111.64588210030003]",36.880775683629025,90.50345495692345
1315,"[117.54229042329995, 111.6416745816]",36.875689210515176,90.49373898236385
1316,"[117.56177829979994, 111.65569382040002]",36.88698503302045,90.51770153660067
1317,"[117.57639894269994, 111.65633947170001]",36.8795197073709,90.52944005747106
1318,"[117.55569857749994, 111.68511998950002]",36.89824702579301,90.53159269422116
1319,"[117.56245945509995, 111.68638121850003]",36.924925785790215,90.53762816281481
1320,"[117.56177883249997, 111.69635802930003]",36.92045352748843,90.5434089750477
1321,"[117.56470628629997, 111.70201289450002]",36.92698495693994,90.5492525917352
1322,"[117.56571910739996, 111.68026236260005]",36.94241462498669,90.2153244729027
1323,"[117.57574805109996, 111.69556214920007]",36.935698224146726,90.23282435618258
1324,"[117.55777659469997, 111.70725481340006]",36.91505815705996,90.22650957791147
1325,"[117.55533874029997, 111.69442296000008]",36.9409047753687,90.21641909866796
1326,"[117.55007478989995, 111.73117278290005]",36.98450796696569,90.23591706751426
1327,"[117.53231634829996, 111.70904031100004]",36.98344775224373,90.2081022785809
1328,"[117.51960764459996, 111.71275177810004]",37.00522182019901,90.20072239571334
1329,"[117.53739354639998, 111.73381046310006]",37.003470791165135,89.48753234332308
1330,"[117.55281679989999, 111.73882110830007]",36.97126777428382,89.50262885066067
1331,"[117.52884938339999, 111.72573999120006]",36.95513302760231,89.94678945109301
1332,"[117.58762902649998, 111.72317769260007]",36.948892280259926,89.99019024758996
1333,"[117.60225748989998, 111.70727343750006]",36.9624020321007,89.99119145658157
1334,"[117.590822146, 111.70505790930007]",36.95232584952447,89.98100209434804
1335,"[117.56919366499999, 111.69412117400006]",36.9476747995245,89.95739891904749
1336,"[117.57852715789998, 111.66847844670006]",36.93016155865521,89.94809115839878
1337,"[117.57420038109998, 111.64076547320008]",36.91421781598783,89.9269857638062
1338,"[117.5537460868, 111.66521844780007]",36.91930356881045,89.92699817195576
1339,"[117.54630579849996, 111.61680921700007]",36.90409488018529,89.89021908337608
1340,"[117.53561656719994, 111.56626810140007]",36.86952546333666,89.84959168802818
1341,"[117.54622252919997, 111.49442737400004]",36.863244946130436,89.81166396230512
1342,"[117.54495174449995, 111.42105220190005]",36.85137153096128,89.76367496699072
1343,"[117.53309315579997, 111.37964165140004]",36.85043973234079,89.72804825920073
1344,"[117.50500664129996, 111.31627000660002]",36.834569989488145,89.66590347244477
1345,"[117.53652402819996, 111.23057450680004]",36.7953109723597,89.63531482381642
1346,"[117.56527052299998, 111.16290755900005]",36.778090119571225,89.61418967077998
1347,"[117.58484832939997, 111.13804270480004]",36.786327199583695,89.61337933499425
1348,"[117.60422809619999, 111.12295971060004]",36.77793642977056,89.61867013836734
1349,"[117.58596469159997, 111.12389727730002]",36.749654031685594,89.6052088558497
1350,"[117.57092469329994, 111.11557480000005]",36.74353209990938,89.58831908727551
1351,"[117.59361794719995, 111.11887569180004]",36.755901209332954,89.60789533911655
1352,"[117.56888531809994, 111.10667966100002]",36.76773315572446,89.58107137760872
1353,"[117.55604971669995, 111.0916934714]",36.7887255425517,89.56162513649244
1354,"[117.58409782059996, 111.09261927220001]",36.76338134602516,89.5838098084779
1355,"[117.60454864229996, 111.07644713799999]",36.7604938099871,89.58923993076112
1356,"[117.6187778617, 111.08208771519998]",36.73391757016741,89.60379644660757
1357,"[117.6190946861, 111.07935851459997]",36.71501012434167,89.60229966823542
1358,"[117.6440839138, 111.06019791119999]",36.70517181934353,89.60932993556072
1359,"[117.65097986849997, 111.0415988842]",36.688151458213554,89.60278644730457
1360,"[117.62335617439997, 111.06618560369998]",36.66954047794763,89.59718065037681
1361,"[117.62396530749999, 111.06479812949998]",36.67840076713955,89.59676504319094
1362,"[117.61959896929997, 111.04033614209997]",36.71258361481974,89.57780364969142
1363,"[117.62847324649998, 111.06129164480001]",36.72136248106863,89.59800149386665
1364,"[117.6433734083, 111.0434184951]",36.72771535348142,89.59808548039668
1365,"[117.6390597115, 111.0485025842]",36.7030941474329,89.59800297179372
1366,"[117.66450386869998, 111.05418966330002]",36.68008060375413,89.62123251027876
1367,"[117.67650752029996, 111.0506201956]",36.686497027464526,89.6282069798439
1368,"[117.67678884899995, 111.04503621950002]",36.70398208076122,89.62486508725378
1369,"[117.65639418699999, 111.02806173319999]",36.71134591310218,89.59833080011587
1370,"[117.6487043515, 111.0309849113]",36.71346290642178,89.59426796623634
1371,"[117.65061948269998, 111.03409517620001]",36.718598444288226,89.59772604503377
1372,"[117.64034872429998, 111.02945530920002]",36.71851283369051,89.58685451134265
1373,"[117.64446276380001, 111.02706513200005]",36.756034938846895,89.58850123836767
1374,"[117.642131282, 111.02000375820003]",36.75229586238632,89.58220421775853
1375,"[117.62779685199999, 110.99557811790004]",36.73680931598862,89.55559183747374
1376,"[117.62662115919998, 111.01497899790003]",36.74565146857456,89.56704985958244
1377,"[117.64464814889998, 111.02587340240002]",36.756638525438746,89.58788455873179
1378,"[117.62646938669997, 111.00684634500003]",36.74408911308853,90.40064062702501
1379,"[117.61604616209998, 111.00559665530004]",36.74132982788968,90.39184665072126
1380,"[117.63753575779998, 110.99343843740002]",36.74915194836953,90.40052003842254
1381,"[117.61324689969999, 110.96996629720003]",36.75338132165081,90.36682917479435
1382,"[117.63286824519997, 110.97571823100002]",36.76727810632166,90.38556831607228
1383,"[117.62293378549997, 110.97334741210003]",36.758989026068896,90.8072234436128
1384,"[117.61924766700002, 110.99186261060004]",36.74503475818241,90.8161148765303
1385,"[117.60877970399999, 110.98292684120004]",36.74338252592347,90.80235429716028
1386,"[117.60079941870002, 110.99108823530003]",36.73492707035357,90.80136124109714
1387,"[117.62612184660001, 110.97962731500003]",36.74005155059314,90.81367069711153
1388,"[117.64483255780002, 110.94770072480003]",36.734740638419545,90.80790096771497
1389,"[117.64891951770001, 110.95058289120003]",36.72653870575999,90.81288893680492
1390,"[117.6735085348, 110.94431555060004]",36.73833260462389,90.82793861811821
1391,"[117.6675147242, 110.92237634500003]",36.73614905086253,90.80940133467679
1392,"[117.658670719, 110.90892039330004]",36.751723375635905,90.79403406889769
1393,"[117.67826822660001, 110.91256969050002]",36.77181509293052,90.81151021498275
1394,"[117.69316237630004, 110.92676738650002]",36.79045090097284,90.83202848254821
1395,"[117.68784770810002, 110.94617123060002]",36.78567822523357,90.84020813350683
1396,"[117.71964894470004, 110.93111239180001]",36.79473060488035,90.85527754367108
1397,"[117.73001769150004, 110.88302101620002]",36.770581185537225,90.83285703400557
1398,"[117.74096214210005, 110.82820533830004]",36.731951855048024,90.80665032129527
1399,"[117.74224221840004, 110.77519776140001]",36.695301839383944,90.7741245948538
1400,"[117.76411567410005, 110.63701477249998]",36.6681389852227,90.70380369022998
1401,"[117.78253340540005, 110.5082778729]",36.59591738961114,90.63691282193547
1402,"[117.76355564050006, 110.33479165849998]",36.54118839458394,90.51293845409977
1403,"[117.76237473240006, 110.13776466149999]",36.4988194002157,90.38820060448285
1404,"[117.77392157190006, 109.91915720170002]",36.45396153434392,90.26012510597337
1405,"[117.77262112150004, 109.84475554139999]",36.443943589563126,90.21253528653048
1406,"[117.76894556640005, 109.79553541530002]",36.40769976753352,90.17887570480089
1407,"[117.80890716590005, 109.77067799630004]",36.439229819441294,90.19452050165208
1408,"[117.82443088360006, 109.75375580200003]",36.465212514939566,90.19606347885441
1409,"[117.82290752020005, 109.74690884160002]",36.45852049332722,90.1905958390451
1410,"[117.83449862120004, 109.73127874520002]",36.45798772837975,90.18988181902506
1411,"[117.84635589810004, 109.71407125370003]",36.45605742817281,90.18839483287809
1412,"[117.85434459840003, 109.73063635260003]",36.45450270479196,90.20497920363336
1413,"[117.85353283800005, 109.72066935480002]",36.45447652064607,90.19812069592048
1414,"[117.87572794370004, 109.71773007860001]",36.43851254575407,90.21362189459649
1415,"[117.85801082160006, 109.72768838880002]",36.445817103548904,90.20600147211907
1416,"[117.86058649000007, 109.72006555490002]",36.43705855937692,90.20325295317727
1417,"[117.85604728630007, 109.71423786540001]",36.44811519702036,90.19606848227477
1418,"[117.8346061308001, 109.70650299969999]",36.45433193529091,90.17449156368991
1419,"[117.84317397090008, 109.68520081449996]",36.48162563892287,90.16788308852624
1420,"[117.84242211380007, 109.68717654059996]",36.47646224173265,90.16852920886642
1421,"[117.84122513450008, 109.66010170509998]",36.45794023858989,90.15069326847258
1422,"[117.87597123590001, 109.66970238879996]",36.45282179082713,90.18383416875726
1423,"[117.85725391960003, 109.65402492019996]",36.47243354213795,90.15942525312103
1424,"[117.83680714380003, 109.62892755519997]",36.46446109215709,90.12778706704134
1425,"[117.82346294150004, 109.62389613689997]",36.4699007555005,90.11421980347026
1426,"[117.80691785300003, 109.62203632119996]",36.4851517098516,90.10013084521269
1427,"[117.81037487550002, 109.59825661119996]",36.49347824940304,90.0879943686301
1428,"[117.8248686448, 109.60502291339998]",36.48850807394046,89.18380763367095
1429,"[117.8223499247, 109.62092058539996]",36.487531706054824,89.19169669156531
1430,"[117.83070557350001, 109.61196687679995]",36.500019775446724,89.19269356261599
1431,"[117.80386466270004, 109.59916691509997]",36.48347061232621,89.16370211305362
1432,"[117.81957866520003, 109.60187456229997]",36.49792690337407,89.17770557090421
1433,"[117.83788646100001, 109.55259152809992]",36.51632241624401,89.16150093696903
1434,"[117.86878764620002, 109.57529317099994]",36.48267045437583,88.27925521731763
1435,"[117.88223902930004, 109.60019791449993]",36.487932185228345,88.30529959317074
1436,"[117.89570741210002, 109.57482334599995]",36.5043109221301,88.30001204673462
1437,"[117.88833275380003, 109.58834488449995]",36.53914769596162,88.30267398900357
1438,"[117.89857308609999, 109.58716637389993]",36.51007590137488,88.30994646537413
1439,"[117.85400852199999, 109.59864696209992]",36.50194274036663,88.28226335630528
1440,"[117.8461648421, 109.60405873779992]",36.522888634647046,88.2795076863385
1441,"[117.86693608579999, 109.60815295459993]",36.4999572134383,88.29829727875878
1442,"[117.86647352590002, 109.62729053959994]",36.52663638071425,88.30987245470962
1443,"[117.83097440290003, 109.63725116089994]",36.572643160756336,88.28834540880233
1444,"[117.81615981750001, 109.64807130959994]",36.6009119697726,88.28352394421965
1445,"[117.8272230637, 109.61111568749995]",36.60651586461426,88.26910583982452
1446,"[117.80757180310002, 109.58806836319995]",36.62681630551196,88.23936922496983
1447,"[117.80385302830001, 109.59825375929994]",36.62553303179668,88.24281764556785
1448,"[117.78506971440001, 109.57931940339996]",36.620154310422684,88.21632513988651
1449,"[117.78175255160002, 109.58164274599996]",36.62618917690067,88.21518246932541
1450,"[117.78630487090003, 109.53715445269997]",36.60936863512074,88.19098939894464
1451,"[117.76899773809998, 109.53542810839997]",36.62842917265245,88.17638384135584
1452,"[117.77197841159997, 109.49107186119998]",36.613696099600816,88.15105619378912
1453,"[117.78046959819996, 109.48348385029998]",36.57657417776123,88.15296613817105
1454,"[117.82191747579995, 109.39529620509998]",36.55985010444104,88.13046386085874
1455,"[117.87104751359995, 109.3876277967]",36.535519917142786,88.16415093814372
1456,"[117.85091487419997, 109.37075096689998]",36.54368693099005,88.13788924975245
1457,"[117.83438119919997, 109.3199471516]",36.510407646707705,88.09334405386399
1458,"[117.81263020859998, 109.25757778299997]",36.490229519411066,88.03753301486864
1459,"[117.80033684359998, 109.19815422669998]",36.45970554914484,87.00287804940035
1460,"[117.88604486829995, 109.15598187089998]",36.421500407497966,87.04404199935007
1461,"[117.94152332569998, 109.14176858519998]",36.37272607691685,87.07882656551011
1462,"[117.98313110900003, 109.1280701095]",36.35082136180719,87.10305104572247
1463,"[117.99811716900001, 109.08620558160001]",36.3250855239302,87.08895526681091
1464,"[118.02693755580002, 109.06477144500002]",36.306001276581696,87.09837793166673
1465,"[118.04562282430003, 108.99767230940002]",36.29140456120416,87.07165757805777
1466,"[118.08345854679999, 108.98362227839999]",36.280636553543374,87.09277026347681
1467,"[118.10241129729998, 108.98756601170003]",36.22533927535141,87.11012233836745
1468,"[118.14733521999997, 108.99362329999998]",36.19035456278162,87.1492271240348
1469,"[118.13368486929996, 108.9535799674]",36.21054512523067,87.11379823836936
1470,"[118.13368486929996, 108.9535799674]",36.21054512523067,87.11379823836936
1471,"[118.12675483719995, 108.95283570560001]",36.21151033116896,87.10788171836919
1472,"[118.11134716279997, 108.9582055065]",36.21425833703745,87.09905746780528
1473,"[118.10457075339997, 108.9665854129]",36.204590453698714,87.0988870677414
1474,"[118.08710088899996, 108.9471184516]",36.19699198220333,87.07313103623883
1475,"[118.08602908219999, 108.92555384650001]",36.18424555050533,86.63285161577384
1476,"[118.08376641470001, 108.9281344817]",36.22435358861887,86.63269584577702
1477,"[118.08219985219999, 108.91995500819999]",36.24419781621248,86.6263645819572
1478,"[118.06816906590001, 108.8988643367]",36.226399938495874,86.60223613647888
1479,"[118.0501027111, 108.89860648400001]",36.219728848339436,86.58796351271107
1480,"[118.0490731713, 108.91326505270001]",36.23279059075546,86.59631386625642
1481,"[118.05197367439996, 108.88762205890002]",36.22009263384677,86.58256609742017
1482,"[118.05644102959995, 108.86049981720002]",36.231022058636455,87.18135959508157
1483,"[118.04775437139998, 108.84989120930004]",36.21303348670534,87.16792580597121
1484,"[118.04216522999995, 108.85290710200005]",36.20014438287698,87.16549468224325
1485,"[118.04314749049998, 108.85176562750004]",36.213894948513705,87.16553593111213
1486,"[118.04493607549998, 108.84552107700003]",36.199503587807015,87.16298143950263
1487,"[118.05451115819997, 108.87597682110002]",36.20189621504646,87.18963347219251
1488,"[118.04774510979996, 108.86010068520005]",36.195848697168756,87.17436333598664
1489,"[118.04152581689998, 108.85322589540003]",36.22172749719574,87.16520002006938
1490,"[118.02885326089996, 108.84808323840001]",36.2010812773199,87.15212534475725
1491,"[118.01859518579995, 108.85861468690004]",36.19052933560313,87.15081966906267
1492,"[118.01793692849994, 108.84034593870001]",36.15835266847928,87.13877476114
1493,"[118.02199368969995, 108.84573305320002]",36.15506297825024,87.14532186726382
1494,"[118.04338778089998, 108.84503563200002]",36.20590872613287,87.16147413917258
1495,"[118.03759220699997, 108.84769711490001]",36.188415065375054,87.1586591204735
1496,"[118.03279078339997, 108.82705747570002]",36.184277155278934,87.14190734762533
1497,"[118.02597341029995, 108.82392460160003]",36.19182997572501,87.13464205951537
1498,"[118.0329640032, 108.86297150920001]",36.1909121351234,87.1647128860253
1499,"[118.02394314769998, 108.84880068810001]",36.19174748824114,87.14877039576285
1500,"[118.02100609760001, 108.83641598850001]",36.19512146630453,87.13867409210901
1501,"[118.02343628700001, 108.8399357464]",36.177661027946286,87.1427807834925
1502,"[118.0315820825, 108.82059026850001]",36.19884386109708,87.13688819001246
1503,"[118.04409130979998, 108.87053874710004]",36.16220556222564,87.17811961947089
1504,"[118.05744576779998, 108.88430987750006]",36.195212344377175,87.19717048260745
1505,"[118.03512362809997, 108.86735628650004]",36.18645987594588,87.16915611904531
1506,"[118.03601933779998, 108.85885827560003]",36.1971589883955,87.16448531285539
1507,"[118.03449449, 108.87287114460005]",36.23315045687706,87.17215048241536
1508,"[118.04302813579997, 108.84842873410004]",36.213489206384295,86.34060931496693
1509,"[118.01705551549996, 108.84151675270004]",36.237297854959166,86.31617555400496
1510,"[118.00325979239994, 108.85169834350005]",36.2196414201243,86.31201521853137
1511,"[117.99169772479995, 108.8585060956]",36.27114841800125,86.30743248216305
1512,"[118.00772616999993, 108.8524251587]",36.28276929832562,86.31592254172753
1513,"[118.02258342299994, 108.84058136070001]",36.289057144346714,86.31984438835757
1514,"[118.03292231429992, 108.81474224540001]",36.301838821754316,86.3113808189079
1515,"[118.07843960319993, 108.8254543758]",36.336251770018094,86.35331810638172
1516,"[118.08939137939993, 108.8005477903]",36.36138296468732,86.34593495143322
1517,"[118.11053990309995, 108.70489935599998]",36.3635592265618,86.30150021922512
1518,"[118.14077964529992, 108.5798511269]",36.371789196506676,86.245544437326
1519,"[118.14550192399994, 108.48126234909996]",36.365326216601304,86.18673924368099
1520,"[118.21619547089993, 108.3250951889]",36.37870517473939,86.14273502867441
1521,"[118.32231254519995, 108.17929073219995]",36.364869664386426,86.13308554037371
1522,"[118.33846632109992, 107.93184437419997]",36.312267684354595,85.98996108390686
1523,"[118.3420648168999, 107.83791580529999]",36.25734046808643,85.93378476663763
1524,"[118.33704899359996, 107.8107117389]",36.24834654933224,85.91280952237418
1525,"[118.35662029529996, 107.7883000412]",36.28007452027352,85.91399415766072
1526,"[118.37529566909996, 107.79221565099999]",36.24226016863027,85.93099684447621
1527,"[118.40610039439997, 107.78328521249999]",36.258771185728015,85.949397614617
1528,"[118.41050999699995, 107.76459353219998]",36.25509114869191,85.9411192596165
1529,"[118.43041670149998, 107.76692421179997]",36.25656508662576,85.95809382986616
1530,"[118.42841825529996, 107.73816245599996]",36.26461903377384,85.93851826955247
1531,"[118.43331396689997, 107.76643353579995]",36.24986614591831,85.96004450573193
1532,"[118.44864460069998, 107.76534121419995]",36.24149252760806,85.97130945424523
1533,"[118.44054250189998, 107.74859739939993]",36.23924893924161,85.95450556104792
1534,"[118.41931536349999, 107.75647441349996]",36.28045326291405,85.9428943460758
1535,"[118.41098536059997, 107.79812749139995]",36.286605247228124,85.9625074599641
1536,"[118.41126988969997, 107.79156082989998]",36.28533256049144,85.95861280562771
1537,"[118.40744704749997, 107.79532257049998]",36.28568248097722,85.9579923553704
1538,"[118.39260565590001, 107.78725801779996]",36.27978628889321,85.94137373392998
1539,"[118.40557614539998, 107.77648727049997]",36.289189122032546,85.94472831465762
1540,"[118.42838264749997, 107.76817573219996]",36.31305148805323,85.95729268920145
1541,"[118.44781421889996, 107.80166775099997]",36.319964691855766,85.99342316636825
1542,"[118.46089954919995, 107.83245309129998]",36.30676977231306,86.02291455509916
1543,"[118.44545504019995, 107.79342277459996]",36.272170676518,85.98641780312651
1544,"[118.43619918529994, 107.80526797229997]",36.25609063959381,85.98662880428616
1545,"[118.45922982239993, 107.81203958079996]",36.25832639309795,86.0088189205457
1546,"[118.46398848979992, 107.79328004109998]",36.27342435162961,86.000772299167
1547,"[118.45771439999994, 107.8017263268]",36.28118769569647,86.00117496270046
1548,"[118.42307341349994, 107.76663265199998]",36.28747307712445,85.95218803048877
1549,"[118.43220711449995, 107.77554071009997]",36.27390905043976,85.05691788585669
1550,"[118.41744240779994, 107.79600547119999]",36.26455544248478,85.05811453696889
1551,"[118.41410852139994, 107.77879543749998]",36.26716027835759,85.04478555696754
1552,"[118.41139539989994, 107.78574161009996]",36.25991712346876,85.04699013705564
1553,"[118.40939915939992, 107.77772136199995]",36.27503082942639,85.0404323972698
1554,"[118.40164388649995, 107.76926083229995]",36.289832718010445,85.0290953492912
1555,"[118.40770642349995, 107.78527398109996]",36.2799362917553,85.04381314030941
1556,"[118.41257992229995, 107.79400604899996]",36.28673365560131,85.05306537396294
1557,"[118.40155948359995, 107.77844035499999]",36.30871170324374,85.03474756869832
1558,"[118.41813474419996, 107.77921950529999]",36.30993722911901,85.04819945979098
1559,"[118.433814875, 107.77404962679996]",36.30476501754517,85.05724722645834
1560,"[118.41222243989998, 107.7836477595]",36.29441960357065,85.80407825984638
1561,"[118.36926808020002, 107.77907400649998]",36.301102323001395,85.7678086744503
1562,"[118.38090612700002, 107.77060182199997]",36.30890500231223,85.77152622567935
1563,"[118.4177438336, 107.80118177429999]",36.29802678097209,85.81939883731928
1564,"[118.39785831900001, 107.79336368389997]",36.28083956344099,85.79902234605927
1565,"[118.41570150609999, 107.79436731589996]",36.25261432776022,85.81352495111626
1566,"[118.43615391499999, 107.77748780939996]",36.2498585500645,85.81881289992157
1567,"[118.43153448000001, 107.77682579199994]",36.24628098029163,85.81480449725372
1568,"[118.42520635929999, 107.75659652859997]",36.256616962135716,85.79716545009313
1569,"[118.4360277059, 107.76208939329996]",36.254418553243994,85.80903425297006
1570,"[118.443977931, 107.75215030299996]",36.22736682261631,85.80897036639269
1571,"[118.44493970110001, 107.73292202999995]",36.19573948128744,85.79763489930338
1572,"[118.46562847980002, 107.71217447459998]",36.18934070131873,85.80069725704703
1573,"[118.447466749, 107.70737538879997]",36.17508695457425,85.78355099805489
1574,"[118.4449743596, 107.64304787169996]",36.1781240368865,85.74121723296189
1575,"[118.43054939790001, 107.64923546429998]",36.18323885026438,85.7338735339677
1576,"[118.39829359920003, 107.63597000779998]",36.17551901193903,85.70043958598299
1577,"[118.38681569559999, 107.56846836999999]",36.187919225224704,85.6491318227221
1578,"[118.40854046410003, 107.5768463758]",36.169290106227066,85.67130433031079
1579,"[118.47427744289999, 107.53562299159995]",36.09450049155904,85.696655446137
1580,"[118.49766336899995, 107.46515650689999]",36.06792507237457,85.6707374885389
1581,"[118.51545551649996, 107.38464428849998]",36.049116361428176,85.6342279891798
1582,"[118.55423314639992, 107.36617176749998]",36.034780811454624,85.65293789298029
1583,"[118.58679379979995, 107.31259529930001]",35.95848348435433,85.64488184704979
1584,"[118.59824029939995, 107.3248692121]",35.96250857189967,85.5880683522998
1585,"[118.59545982989998, 107.29956950230002]",35.94581693520895,85.57030797317667
1586,"[118.60884627409996, 107.27912054789998]",35.93422642866203,85.56828203838603
1587,"[118.63958259789996, 107.24248083719998]",35.93764444909264,85.56999459064528
1588,"[118.65541252229995, 107.25590985530002]",35.91307151540178,85.59073535424926
1589,"[118.67135141509996, 107.20788635369999]",35.92017295483734,85.57380479073193
1590,"[118.62317459159995, 107.20889701899999]",35.92689770040898,85.53641181461126
1591,"[118.62178922089996, 107.23160354900001]",35.91531108825171,85.54927339966062
1592,"[118.62032226389994, 107.24754102740002]",35.91685642981238,85.5579131915215
1593,"[118.60112222959995, 107.24563931949999]",35.90581063866827,85.54160148351612
1594,"[118.63206664049999, 107.25255927930002]",35.91526562860183,85.57026119775522
1595,"[118.64080717159996, 107.24964516739998]",35.93784857809211,85.57536405721693
1596,"[118.61333280469995, 107.25586505769999]",35.91628611497084,85.5575185874071
1597,"[118.62793616999996, 107.26408116389997]",35.931358587570706,86.45877890087145
1598,"[118.6366696943, 107.26226605099997]",35.95717661131684,86.46458760324076
1599,"[118.6400284672, 107.27758139269997]",35.954554125420415,86.47659840863058
1600,"[118.63187189869997, 107.3085989623]",35.9364608003871,86.48908298737001
1601,"[118.65137823219999, 107.3317805488]",35.930940075174284,86.51868787085346
1602,"[118.66116991129998, 107.33082112209999]",35.95493857970342,86.52585398378753
1603,"[118.65076590979999, 107.31553771679995]",35.94052010643322,86.5082809039609
1604,"[118.67753815970002, 107.32494290549995]",35.944019726048744,86.24014809216219
1605,"[118.68372615240001, 107.31708741409999]",35.94748071833407,86.24036162215955
1606,"[118.6699923221, 107.30855001799999]",35.936807304038055,86.2242554182653
1607,"[118.68544236460001, 107.31878935029995]",35.92092837921815,86.24275651097219
1608,"[118.6723894311, 107.31497654249998]",35.907996088408616,86.23003766095411
1609,"[118.6596663854, 107.31233102609997]",35.90653440949847,86.21828514196238
1610,"[118.63829285989999, 107.32972479339998]",35.9086252196722,86.21169155420687
1611,"[118.62766777589997, 107.337315811]",35.8888812410335,86.20778104248326
1612,"[118.62861904749998, 107.3383401343]",35.88902575623192,86.20915736421664
1613,"[118.61130217739998, 107.3565261471]",35.90386317180484,86.20629095066153
1614,"[118.61130217739998, 107.3565261471]",35.90386317180484,86.20629095066153
1615,"[118.62446561799999, 107.34259596229998]",35.898317079614586,86.20840531178104
1616,"[118.63938291369998, 107.3232266996]",35.9059501936337,86.20864895080909
1617,"[118.62116728709998, 107.3513339021]",35.91568511131877,86.21103632119826
1618,"[118.61978238569998, 107.3529025448]",35.91208685470111,85.24498009937463
1619,"[118.61994104450001, 107.34663771500003]",35.91208819498027,85.24131720424941
1620,"[118.62952683360001, 107.34948598580002]",35.90189282721631,85.25067372934895
1621,"[118.64722223870001, 107.35422861390002]",35.870715437637664,84.2770730254324
1622,"[118.6743746491, 107.34453425270002]",35.89282297037965,84.29280021049077
1623,"[118.6796050051, 107.33976101869999]",35.89073402677994,84.29407039868464
1624,"[118.7202938153, 107.3467511022]",35.926938795104846,84.3306818891959
1625,"[118.6952620043, 107.33346391190001]",35.89499415973323,84.30271537386878
1626,"[118.6934068894, 107.34509974630001]",35.89071463891808,84.30828615110289
1627,"[118.7120461719, 107.35205295379997]",35.89868263203074,84.32732922364904
1628,"[118.696687933, 107.34775189809997]",35.898155726408355,84.3125032596639
1629,"[118.67726259730001, 107.36890115]",35.91618267610965,84.3098608032846
1630,"[118.68554416270003, 107.3870616593]",35.919412977987726,84.32745366960455
1631,"[118.70397874930003, 107.38851405519999]",35.901262437801385,84.34299801897083
1632,"[118.67565318120003, 107.37827809579998]",35.887826682000316,84.31426286437028
1633,"[118.68574939200002, 107.3644548575]",35.88579516409577,84.31391831444321
1634,"[118.69354715680001, 107.34231455169999]",35.886902084716624,84.30671086781074
1635,"[118.70586479800004, 107.33307405919997]",35.89551568311762,84.31091710616013
1636,"[118.70259517630004, 107.35573591499997]",35.87675292938636,84.32203949930883
1637,"[118.69135691520002, 107.38286895319996]",35.89080959701029,84.3295366932408
1638,"[118.69262913880002, 107.38643901369997]",35.928152448457176,84.33271211078333
1639,"[118.67666774380002, 107.33022566449998]",35.91357665370374,85.00597430932673
1640,"[118.70508513450002, 107.25730445069998]",35.90536062759835,84.98383824058303
1641,"[118.72514408370002, 107.19250660849998]",35.89851182227002,84.96011244764561
1642,"[118.66396045479998, 107.1088404658]",35.84805328281212,84.86056713174032
1643,"[118.66292776590004, 107.0043769986]",35.82353060505391,84.79600325077841
1644,"[118.65854182530005, 106.7654392332]",35.75593646607355,84.6470200885571
1645,"[118.63967379800006, 106.59491957249999]",35.708173444940996,84.52844125990725
1646,"[118.63485396370007, 106.5131363451]",35.682299219304554,84.47499731379867
1647,"[118.64197347380005, 106.46617341489998]",35.710715325338164,84.45219361104894
1648,"[118.64198176920009, 106.41466136619997]",35.70523767270948,84.42099660335833
1649,"[118.65442897230007, 106.40044454149998]",35.725986890386196,84.42229503776294
1650,"[118.65442897230007, 106.40044454149998]",35.725986890386196,84.42229503776294
1651,"[118.64404104760006, 106.39508770339998]",35.72951792956744,84.41078401690925
1652,"[118.66063171170006, 106.36980906859999]",35.72551586149178,84.40869051719638
1653,"[118.66560170360006, 106.36706705199998]",35.72677123884538,84.41098822599801
1654,"[118.65580510640005, 106.36190033249997]",35.7366300607619,84.4000622357197
1655,"[118.66185176210007, 106.3602840942]",35.72855722079889,84.40389852673864
1656,"[118.65688370660007, 106.3582217953]",35.721522131266276,84.39869522111401
1657,"[118.64648271520008, 106.3541710317]",35.71624696271165,84.38796322983254
1658,"[118.66511816720005, 106.36667226480002]",35.74824522634541,84.41036437387737
1659,"[118.65444929760004, 106.36751338070002]",35.72436862513887,84.40237933403348
1660,"[118.65888543250007, 106.35682068360002]",35.71084004577484,84.39944125466837
1661,"[118.65671851460007, 106.37014921100003]",35.68755187537022,84.4057809462249
1662,"[118.67041264350006, 106.38405064350003]",35.67067281490342,84.42509546984253
1663,"[118.66274712810002, 106.35754324660002]",35.65124160801259,84.40295313824517
1664,"[118.62301954760001, 106.33764126780001]",35.681857449026644,84.35928086224159
1665,"[118.62620592740001, 106.34592462970001]",35.68412445325876,84.36683003212855
1666,"[118.597521218, 106.33284460420002]",35.70002492455581,84.3360785789128
1667,"[118.5873018463, 106.32007504890002]",35.71935020926466,84.32021516724654
1668,"[118.58364970030001, 106.34940727610001]",35.71457300680465,84.33506232256005
1669,"[118.58919731030001, 106.3297058931]",35.73118356348148,84.32755262722758
1670,"[118.56546748720004, 106.35141569020001]",35.71743809683535,84.32180760543514
1671,"[118.56323139900003, 106.35585322210001]",35.718644208560114,84.3227152315499
1672,"[118.52962639330002, 106.34479779380003]",35.72237012930676,84.28927857397025
1673,"[118.54578374880002, 106.33273332640003]",35.738421279088904,84.29483019083679
1674,"[118.55200951760001, 106.33043193010002]",35.743006326963126,84.29839166656657
1675,"[118.51882111830002, 106.34640931950004]",35.745995672685574,84.2816571380019
1676,"[118.51127311589998, 106.31554587770005]",35.76575004884167,84.25695832790596
1677,"[118.49521101910001, 106.34964678100005]",35.78507913107187,84.26483446345117
1678,"[118.5099672139, 106.3590132326]",35.777125796342965,84.28224874409484
1679,"[118.5286337783, 106.34565546110004]",35.76414601135553,84.28900822021114
1680,"[118.51811976940002, 106.36942913550001]",35.786598756844015,84.29504548433172
1681,"[118.48905909770002, 106.37801758640002]",35.80428357978896,84.27713469991568
1682,"[118.50285117450005, 106.39012376570001]",35.80245626141787,83.94241344146265
1683,"[118.50210421590002, 106.38887762690001]",35.807875786250236,83.94107005882893
1684,"[118.4799757352, 106.41170451330001]",35.8192346870816,84.61186555891445
1685,"[118.4757898202, 106.42457698260002]",35.81855022435113,84.61609017874223
1686,"[118.48512264060004, 106.43344571540001]",35.801745403552616,84.6288594507053
1687,"[118.48693997420003, 106.44210954750001]",35.78176979774398,84.01264172436477
1688,"[118.4913929208, 106.4550095573]",35.803723693125484,84.0239271747734
1689,"[118.47012816080002, 106.44890515080002]",35.814859439974136,84.00323610921455
1690,"[118.4404098336, 106.46753199080004]",35.79981329978265,83.99057622802384
1691,"[118.4422876224, 106.45813551520001]",35.78396571877556,83.98645554190001
1692,"[118.42706987800003, 106.43160292699999]",35.785593742061444,83.95838427597438
1693,"[118.42429075170003, 106.43618489679999]",35.80389524320994,83.95890004793857
1694,"[118.40686779400001, 106.4270051901]",35.79399904980352,83.93944815208026
1695,"[118.39831455640002, 106.42182425150003]",35.80239411731936,83.92949521748893
1696,"[118.38629599650001, 106.42379819410002]",35.7933657403704,83.92104924983065
1697,"[118.3885931006, 106.39987115230002]",35.7848072132575,83.9085683470256
1698,"[118.41606920659999, 106.4038131343]",35.743708549794235,83.93294149864462
1699,"[118.42483738130001, 106.40088359769999]",35.70820810133199,83.93821472357493
1700,"[118.39561258469999, 106.41090777699998]",35.70883742044714,83.92079698365305
1701,"[118.4099072586, 106.36519873489999]",35.70206537832563,83.90490527640907
1702,"[118.41685835339999, 106.34985241679999]",35.69941283230174,83.90130009783427
1703,"[118.43849541109999, 106.37547250589999]",35.67467921388242,83.93396223001254
1704,"[118.47903713769998, 106.37189781960002]",35.66035633669765,83.96432424448321
1705,"[118.48225674079998, 106.41391037680002]",35.64973652204884,83.99202252361074
1706,"[118.49154456730001, 106.3737630715]",35.617157270914845,83.9754667447464
1707,"[118.5317633862, 106.35788709660002]",35.555632828381775,83.99823239030341
1708,"[118.58759564179996, 106.33617440880002]",35.50838856056323,84.0300574743377
1709,"[118.60902446169999, 106.32787899820003]",35.47567093229602,84.04230302516677
1710,"[118.60591038319998, 106.27690270730005]",35.48188599433331,84.00939923997535
1711,"[118.62157553579999, 106.22772329420005]",35.464700440127416,83.99266602840926
1712,"[118.6246364006, 106.19839353120004]",35.45373032663931,83.97765392706663
1713,"[118.64513539859999, 106.16734728940003]",35.4549113447853,83.9756401045314
1714,"[118.69557542160001, 106.13425198220004]",35.415976167641126,83.99649421750107
1715,"[118.6891992953, 106.11096081700002]",35.377664748130904,83.97751922715713
1716,"[118.71002234949998, 106.05883857660001]",35.3550856226972,83.58258517987926
1717,"[118.74016893879998, 106.03913307140002]",35.33791436594751,83.59476619159155
1718,"[118.74537086989996, 106.00618189100001]",35.32845204789749,83.57906994956903
1719,"[118.74352117069996, 105.96268835280001]",35.32099891330841,83.5514072943757
1720,"[118.76178968259997, 105.91299811430002]",35.320572144504396,83.53610279975815
1721,"[118.75354497719997, 105.90733906560003]",35.331087314102696,83.52611236609118
1722,"[118.71671449989998, 105.92635752440003]",35.36034643677108,84.495039718849
1723,"[118.72414389299996, 105.91483646510005]",35.40088091287658,84.49401505082717
1724,"[118.74214031809997, 105.92307359870004]",35.38821257883554,84.51333767049165
1725,"[118.7302559966, 105.90165284250006]",35.38748669383659,84.49093918010001
1726,"[118.73972456969999, 105.86220450330005]",35.380603032006896,84.47471131232238
1727,"[118.75614857000001, 105.81878372810006]",35.32159051099295,84.46165943719467
1728,"[118.80021430340001, 105.82545831520005]",35.27349255499172,84.5008592261422
1729,"[118.8137280336, 105.84108103800003]",35.23115306554988,84.521055279815
1730,"[118.8155330215, 105.81226926380005]",35.239091820033146,84.50515182949303
1731,"[118.82034265039998, 105.78024834300005]",35.22900840235182,84.48972451302876
1732,"[118.8253240678, 105.78648777660005]",35.23763148606105,84.49745736902226
1733,"[118.76569832829999, 105.81518639690003]",35.24415178532682,84.4671167641622
1734,"[118.7554845219, 105.85239053170002]",35.27381840955173,84.48137424325648
1735,"[118.76668070829999, 105.89257780439999]",35.253382741163655,84.51452776539118
1736,"[118.75441434320001, 105.88290602000001]",35.26518122386333,84.49891038761106
1737,"[118.73524707940001, 105.86037544540001]",35.259274509925035,84.47003604778294
1738,"[118.75406695900001, 105.8462853273]",35.267481194004006,84.47656440960574
1739,"[118.77412587439999, 105.82997011280003]",35.267144653198635,84.48274781822921
1740,"[118.7852892511, 105.77859850490003]",35.30657704867757,84.46073417083585
1741,"[118.76901338450003, 105.75105025400003]",35.29274366944233,84.43115776538183
1742,"[118.77531008750003, 105.74388143680004]",35.310497985818245,84.43187426149268
1743,"[118.79372472270005, 105.74461983090004]",35.28185739285882,84.44702869746314
1744,"[118.78151285610004, 105.72850614810002]",35.27410647291826,84.42758076589519
1745,"[118.79874833790001, 105.73141326710001]",35.272938189411725,84.4430992591547
1746,"[118.79360661300001, 105.74302800480001]",35.26251050827161,84.44597686705198
1747,"[118.79260110990002, 105.77336577900002]",35.28393770061035,84.46342508795142
1748,"[118.78579846700003, 105.76817564720002]",35.26924215338459,84.4548687623624
1749,"[118.79523788960005, 105.75431404500002]",35.252841688182855,84.45406887688485
1750,"[118.78314171500004, 105.7329977127]",35.25390102915975,84.43158356459364
1751,"[118.77759635830003, 105.7343504773]",35.260077562577365,84.42796718407595
1752,"[118.77350871180002, 105.724474826]",35.25099730457688,84.41876154440934
1753,"[118.75145583480001, 105.72727470539999]",35.251910120835106,84.40282894129562
1754,"[118.74698446389999, 105.6995854055]",35.23946294569427,84.3826013294529
1755,"[118.73242432410001, 105.70113673930001]",35.2325502826276,85.18907642459028
1756,"[118.72162823820001, 105.700321802]",35.22810113532416,85.1799223746029
1757,"[118.68677633040001, 105.7139031782]",35.22461494536675,85.1600423670596
1758,"[118.6772688194, 105.71873484279999]",35.227554021903615,85.15529329175715
1759,"[118.67387805670002, 105.70345878999998]",35.21178369873077,85.14346003026931
1760,"[118.69856843860003, 105.69244836159999]",35.189758651709674,85.15671467191146
1761,"[118.72467347730004, 105.68074293749999]",35.177089955928416,85.17069761140732
1762,"[118.72836721560002, 105.70219302259999]",35.143426945172706,85.18644854527277
1763,"[118.70590052410002, 105.70098047149999]",35.10817291592835,85.16768801450065
1764,"[118.66994187079999, 105.69408188049998]",35.110284120261696,85.13470812776741
1765,"[118.6707183521, 105.67139803569998]",35.10151461405722,85.12180541742212
1766,"[118.67785039, 105.67275860569998]",35.079433884370026,85.12834251428373
1767,"[118.6734538331, 105.66349389209998]",35.08377621013529,85.11928950841917
1768,"[118.69441198160001, 105.64806329549998]",35.09163667793232,85.12692178876009
1769,"[118.69394558500002, 105.65320081419999]",35.08653474888356,85.1296087377717
1770,"[118.68973813900004, 105.64182702299996]",35.07498303840944,85.11945228785295
1771,"[118.70489403960003, 105.64512702299994]",35.067521425986826,85.13359033984578
1772,"[118.70260871500005, 105.66849862769998]",35.06165438010751,85.14568226186991
1773,"[118.72576201370006, 105.67110130499995]",35.056886640313756,85.16582605596592
1774,"[118.77161405670002, 105.63658454469996]",35.06320362447997,85.1820981532839
1775,"[118.76172173310002, 105.61935923429998]",35.06976640556089,85.16389511943417
1776,"[118.7270038179, 105.60586615149998]",35.05060745346471,85.12796718648929
1777,"[118.72121225620002, 105.59097127889999]",35.023780159221374,85.11444625885278
1778,"[118.781262655, 105.60401370429997]",35.005066222630084,85.170464741424
1779,"[118.78083597440003, 105.60303434079998]",34.96898563987376,85.16953904407187
1780,"[118.79209500050003, 105.62564849680001]",34.966974984209976,85.19204527424203
1781,"[118.78564836670003, 105.62646894339997]",34.964694235533145,85.18735317813132
1782,"[118.77067766080003, 105.6124401215]",34.94113470508982,85.16697309894161
1783,"[118.77732397750002, 105.61951380250001]",34.94960236330849,85.17652417900749
1784,"[118.78022176740004, 105.60467222149998]",34.95828501367977,85.17002007265303
1785,"[118.76525506590004, 105.5651554517]",34.962496191500954,85.13447936319496
1786,"[118.78730537170003, 105.55028833309999]",34.956155050759115,85.14336385746124
1787,"[118.78787990050002, 105.55654234999999]",34.98612536795906,86.10657468372038
1788,"[118.80605856840003, 105.53783895919997]",35.00380335676786,86.10998583780511
1789,"[118.86663570010005, 105.5093613887]",35.05179853698714,86.1415962170223
1790,"[118.90818260130003, 105.45386109479998]",35.10970284481938,86.141861289782
1791,"[118.97920218390006, 105.3651054605]",35.15470704381108,86.14608122875245
1792,"[119.0136093153, 105.31807292619995]",35.1440710302324,86.14578287624009
1793,"[119.05090912669999, 105.20229191439995]",35.149716698279185,86.10705166527146
1794,"[119.12038308499997, 105.15179023519998]",35.2066464088382,86.13306255512416
1795,"[119.15837977649997, 105.0988859714]",35.22429104216635,86.13235508175079
1796,"[119.18839345999997, 105.09650388009997]",35.22662864356511,86.15514037940093
1797,"[119.18294102739992, 105.06142328840001]",35.234719108665814,86.12999290657984
1798,"[119.20530555279994, 105.06071085189998]",35.24359512412566,86.14760670293151
1799,"[119.22001334899994, 105.06862125189998]",35.2215259392987,86.16414532357786
1800,"[119.21129834429998, 105.06837298249998]",35.22052677950256,86.15697020888561
1801,"[119.20974330609997, 105.05953605360003]",35.21476835271839,86.15049101865414
1802,"[119.20629410239995, 105.04061322929999]",35.211744920899825,86.13652214492261
1803,"[119.21960040529996, 105.025995058]",35.20965189233624,86.13861575047893
1804,"[119.23906232549999, 105.0117878604]",35.195200751653445,86.1459233364996
1805,"[119.23056804739997, 105.0046140093]",35.20454677399585,86.13483175993478
1806,"[119.18337402229996, 104.9856639015]",35.17932645526672,86.08555873973185
1807,"[119.16090672309996, 104.9711208149]",35.174985439453415,86.05883975082281
1808,"[119.16906423649996, 104.9769048425]",35.18304036725364,86.06883857326369
1809,"[119.16811202209998, 104.95936627889999]",35.178264934257435,86.05770871552605
1810,"[119.18506343789996, 104.9802426664]",35.16104530317055,86.08371883009721
1811,"[119.19034497309998, 104.9930244162]",35.151892887531886,86.09553172889757
1812,"[119.20019616879999, 104.9913057121]",35.14108878520562,86.10246423807465
1813,"[119.19105590319998, 104.9885180142]",35.139193874466166,86.09344274941871
1814,"[119.1734732857, 104.9849334714]",35.130016514318314,86.07713952649303
1815,"[119.16690310810002, 104.9587334106]",35.11278651531385,86.0563594246365
1816,"[119.15727360169998, 104.92872536690001]",35.10365553161421,86.03086508388657
1817,"[119.15667407269999, 104.93262404550002]",35.10353592298193,86.03268371315302
1818,"[119.12608886719998, 104.9166079163]",35.13023909474606,85.99854347807556
1819,"[119.11490623179999, 104.9339011596]",35.124131983611974,85.99973620875788
1820,"[119.10794955999998, 104.94631242959998]",35.11973224156422,86.00145765387549
1821,"[119.10661939889998, 104.94684474089999]",35.10886620565172,86.00069919451536
1822,"[119.10455127789999, 104.950036979]",35.10280642432587,86.07577605682062
1823,"[119.10518621439998, 104.95674360889998]",35.095167305768314,86.08019339906964
1824,"[119.10193253839998, 104.94888740269998]",35.09032321759161,86.07297719920001
1825,"[119.1161786448, 104.9305673551]",35.097675668956164,86.07391356827539
1826,"[119.1070510851, 104.9104304606]",35.08332840038577,86.05478028839944
1827,"[119.104369623, 104.91565172119999]",35.06474644420579,86.05563372196313
1828,"[119.1126901498, 104.90305348420002]",35.07022860122021,86.0550810057071
1829,"[119.13854421570002, 104.9155996699]",35.05716960793733,86.08341193861646
1830,"[119.15645124939999, 104.8993660391]",35.0643905112441,86.08855321613353
1831,"[119.1700102853, 104.8931326666]",35.03693378626317,86.09596925753057
1832,"[119.14679791710002, 104.9128971051]",35.058462918354046,86.08855832163633
1833,"[119.19316492390003, 104.93207909440001]",35.05254171574072,86.13744068261904
1834,"[119.19712293570002, 104.90683950470002]",35.04589378335574,86.12600114872944
1835,"[119.18761284920004, 104.91717629670002]",35.047280452082234,86.12426384152452
1836,"[119.17300510340002, 104.89748174360003]",35.047141564069854,86.10093318600983
1837,"[119.17262429090005, 104.9199842302]",35.04452387282507,86.11369547943406
1838,"[119.16176135770003, 104.93109237230001]",35.05089236728498,86.11130953758105
1839,"[119.17220190300003, 104.9093516388]",35.07244059674884,86.10717444045281
1840,"[119.20816319400005, 104.8979133781]",35.06031653247653,86.12980560772482
1841,"[119.22885337650001, 104.88677807980002]",35.05099029390162,85.5206684008086
1842,"[119.24341621340001, 104.85360854310002]",35.025381154492386,85.51295696901714
1843,"[119.27068095670003, 104.82197787549998]",35.0558659995649,85.5164454815544
1844,"[119.3166234761, 104.7920736615]",35.05461695492018,85.53609245567847
1845,"[119.30387141160004, 104.72626340300002]",35.07217809229317,85.48716953316132
1846,"[119.29124568820004, 104.67163231180002]",35.071560593530414,85.44492269760026
1847,"[119.24422834380002, 104.63043401000003]",35.01732709999589,85.38268292102006
1848,"[119.27193731690001, 104.55502737140002]",35.00960695395115,85.36099980710028
1849,"[119.30694611720006, 104.35960979450003]",34.9875308980524,85.27524292316285
1850,"[119.32177841470006, 104.1694052405]",34.952492360395404,85.17648410163169
1851,"[119.28438462090007, 103.99287050050002]",34.85559625773116,84.14005287749129
1852,"[119.31790084190007, 103.8531002233]",34.8348315405593,84.08696331799172
1853,"[119.30907519150006, 103.77107448630001]",34.825937800957945,84.03258350494869
1854,"[119.29219681900004, 103.71359022960002]",34.81494553005455,83.98574648721127
1855,"[119.26448203450002, 103.71380473300002]",34.80022139567271,83.96318183537251
1856,"[119.25215831780002, 103.65033901960001]",34.768285704284224,83.91665039882298
1857,"[119.26251491520001, 103.6325248732]",34.748430388038294,83.91490870651097
1858,"[119.2410224117, 103.63721392539999]",34.75832829066497,84.41336588187082
1859,"[119.21922968930001, 103.62911057079998]",34.7562131782343,84.39081048747676
1860,"[119.24143234930001, 103.61728252449998]",34.75062018396559,84.40243330897349
1861,"[119.2446623903, 103.6354829804]",34.74325947869658,84.41538893907236
1862,"[119.24217035539999, 103.63849105199998]",34.742178271104905,84.41503488937717
1863,"[119.24923448519999, 103.63073587229998]",34.75015955396544,84.41647536393188
1864,"[119.21908466430001, 103.61865420059996]",34.77599628201372,84.38477709491572
1865,"[119.21041301840002, 103.60838937479997]",34.786885312529265,84.37182037175144
1866,"[119.22066457130006, 103.60903394639999]",34.812802263530486,84.38064004554431
1867,"[119.22227947510002, 103.62098328239999]",34.80453077049072,84.38872910917082
1868,"[119.22800922470002, 103.61938475939998]",34.828068866295155,84.39255071645557
1869,"[119.21697272670002, 103.60295544119998]",34.83065890556067,84.37415807134046
1870,"[119.19584202070004, 103.58960295169999]",34.83662368456501,84.34917962962237
1871,"[119.20659771570004, 103.57142209539998]",34.8435171621346,84.34777375672152
1872,"[119.20165728870005, 103.59078876919999]",34.84159412744793,84.35464659557596
1873,"[119.19530630060007, 103.58366319470001]",34.84495168893275,84.34537942999535
1874,"[119.19777074150005, 103.5735881517]",34.84573617843329,84.34171655665952
1875,"[119.20816497630005, 103.58322690629997]",34.83315207962672,84.3557393744105
1876,"[119.21525499870006, 103.59413730769997]",34.795149902343276,84.3677556347673
1877,"[119.19552334450007, 103.59518017559998]",34.792198038363885,84.29145292046157
1878,"[119.21115047740004, 103.62000048729999]",34.78419999363988,84.31823803879665
1879,"[119.23740763450004, 103.62958259399998]",34.805352691182705,84.3453921687997
1880,"[119.23607663980005, 103.60534646869999]",34.84039236832719,84.33081941838688
1881,"[119.25201375540001, 103.61697354319999]",34.837665033886054,84.35053026274105
1882,"[119.25654444950005, 103.60570640449995]",34.839231330320146,84.3480390666912
1883,"[119.26601573310003, 103.58111349529996]",34.83891338133273,84.34225972740647
1884,"[119.25166694480005, 103.58899598549995]",34.84644611925337,84.33470256490901
1885,"[119.22383808470003, 103.55165672909996]",34.82703011330223,84.29082552379025
1886,"[119.22311400610002, 103.52853804339999]",34.85110946847478,84.27739097863406
1887,"[119.21289243110003, 103.51398024959997]",34.872607194366296,84.26080908594106
1888,"[119.22549948, 103.52581643439997]",34.89942462064561,84.27786506291281
1889,"[119.224565405, 103.5214636562]",34.92772006363999,84.27467257378257
1890,"[119.21131935090003, 103.49101413099997]",34.97152914283447,84.24675841853669
1891,"[119.20976762860002, 103.47402160169999]",34.980880293820356,84.23604222933321
1892,"[119.21313984740002, 103.47211255539997]",34.970529816089396,84.2377896576683
1893,"[119.2553759415, 103.43094560899999]",34.90443031355003,84.2501265162868
1894,"[119.2675233835, 103.39328285599997]",34.90574989715597,84.23938346013422
1895,"[119.29077543769998, 103.36887196989996]",34.92658822671674,84.24523958653972
1896,"[119.300428123, 103.36907070839996]",34.90637801853717,84.25339032523704
1897,"[119.31114002449996, 103.31276346699995]",34.875949739773354,84.23117922640218
1898,"[119.32003424519996, 103.31197344349994]",34.87132855120668,84.238154969675
1899,"[119.33724311709999, 103.26964041129997]",34.840588274794584,84.22911340146403
1900,"[119.3377212457, 103.2394091705]",34.833762246453276,84.21282184479533
1901,"[119.3009425941, 103.23817691829996]",34.824235182537464,84.18147523590974
1902,"[119.27962987929997, 103.23725974239997]",34.83175597702659,84.16320016889259
1903,"[119.2721933929, 103.23548247349994]",34.8626467422434,84.15601910152955
1904,"[119.29151554669997, 103.23092365969995]",34.856087412512586,84.16961060191936
1905,"[119.28569823799998, 103.20157201289996]",34.89196903612981,84.14855684277669
1906,"[119.29499654869997, 103.19345556009995]",34.84516989964919,84.15183173152671
1907,"[119.29301573449993, 103.13843222019997]",34.79588907064353,84.11982913590296
1908,"[119.32862054319995, 103.15393393019998]",34.78400748303552,84.15808028792975
1909,"[119.34745613689995, 103.1418082569]",34.797437888272405,84.16711251407558
1910,"[119.37632470939994, 103.1200512609]",34.81085914049232,83.7571020497341
1911,"[119.37809389079999, 103.12087343660001]",34.80907377780257,83.75902831931433
1912,"[119.3840143187, 103.11281437120002]",34.81181280914363,83.75942403728747
1913,"[119.41392907129993, 103.11979507860002]",34.77487503714183,82.80053633282891
1914,"[119.39726823189993, 103.11738728100003]",34.77473871304255,82.78536695851608
1915,"[119.38385932599996, 103.11209610630002]",34.75651541795142,82.77128742783805
1916,"[119.41472265679995, 103.10357868060002]",34.72585992015831,82.79214786722413
1917,"[119.40769488359996, 103.0905278924]",34.754674839798405,82.7790353243722
1918,"[119.41949269299994, 103.0492378448]",34.75824168907245,82.76580780243461
1919,"[119.39999166149994, 103.02428058520003]",34.74952162399883,82.73570721679283
1920,"[119.39704076969994, 103.01490322910001]",34.78304474009517,82.72803166404977
1921,"[119.43646098699993, 102.9585715789]",34.7788594221877,82.72940698151089
1922,"[119.43186271049997, 102.93845498580002]",34.8004050352868,82.71439289231331
1923,"[119.4119692641, 102.92153619550001]",34.815116021949606,82.68844973934789
1924,"[119.40629558829997, 102.88009732970002]",34.82740692029752,82.66068756349725
1925,"[119.40916751389997, 102.84869734620001]",34.84566095754598,83.03933329692526
1926,"[119.38257726409996, 102.82180941220003]",34.868347299827526,82.16129283543857
1927,"[119.38555378329998, 102.8029694401]",34.88927095924658,82.15360777400937
1928,"[119.3879904526, 102.7608588285]",34.90192709063902,82.13289585814846
1929,"[119.38187920669999, 102.72280779500002]",34.9330778559935,82.10719811507013
1930,"[119.40933305300001, 102.6982563977]",34.89393285790848,81.91928127925159
1931,"[119.43325074809998, 102.70747755380002]",34.86079377129734,81.94433023865763
1932,"[119.44249632130003, 102.68915579660002]",34.87281392677584,81.94198595658368
1933,"[119.45110125230003, 102.68650696850004]",34.87931875724412,81.94772057607364
1934,"[119.45857207870003, 102.64081829440002]",34.86552334009549,81.92887395852699
1935,"[119.43718318710003, 102.66869249690001]",34.85970205417097,81.92630451252265
1936,"[119.47110279890003, 102.64985576649997]",34.8547947381171,81.94430894012719
1937,"[119.4769619115, 102.606647753]",34.83484889367843,81.92549691217849
1938,"[119.50296524079998, 102.5929809193]",34.79203996018142,81.93974601548842
1939,"[119.56454785870001, 102.5876441143]",34.78293377955565,81.9883299876518
1940,"[119.5918203925, 102.5842975363]",34.7571303690748,82.00931315160555
1941,"[119.59410607810001, 102.5593589013]",34.737510142016156,81.99756932258111
1942,"[119.62224201439996, 102.54612815899998]",34.70210181426049,82.01387453345882
1943,"[119.64332913149998, 102.51429713100002]",34.724903866992115,82.01411473819641
1944,"[119.62707298799998, 102.4752619536]",34.715397560076234,81.97916235523863
1945,"[119.68612765679994, 102.43490118229998]",34.64994121268365,82.00658116407777
1946,"[119.73320871849995, 102.41226285279998]",34.64026799127447,82.033681533597
1947,"[119.73328888979995, 102.37041747570001]",34.633077085298794,82.01093162663513
1948,"[119.74671669759995, 102.38742746010001]",34.62054907984585,82.03146148566368
1949,"[119.78162446359994, 102.4389270259]",34.60245635184935,82.08880493580804
1950,"[119.80750758859996, 102.39421606100001]",34.56767206339168,82.08612978739272
1951,"[119.79714489049996, 102.37789374339998]",34.512920120091806,82.06854717977298
1952,"[119.79505402009998, 102.35397874999998]",34.49460633164042,82.05376711837182
1953,"[119.80533484569995, 102.33285739329999]",34.49049276019891,82.05089001532278
1954,"[119.81559161479996, 102.3141683383]",34.48787751444064,82.04932286954819
1955,"[119.81224650259996, 102.3178195119]",34.5131728502407,82.04850330309944
1956,"[119.81774087369995, 102.2967360335]",34.53604606041916,82.04164176833233
1957,"[119.81091426199997, 102.315473366]",34.51061507049359,81.43736819736802
1958,"[119.83616176749997, 102.33982908400002]",34.51953089537497,81.47173773580862
1959,"[119.82518082819999, 102.32991338240001]",34.52854713186152,81.45715237597275
1960,"[119.81314116180002, 102.3346663255]",34.527449137050226,81.44953736343975
1961,"[119.84113970080003, 102.35821313249997]",34.501589483782375,81.4857964835638
1962,"[119.841460269, 102.33538899999996]",34.5181502662507,81.47383047753445
1963,"[119.8539898732, 102.32216453929996]",34.52488746216689,81.47732131080333
1964,"[119.8606952615, 102.29665543699996]",34.55440135294707,81.46931788046616
1965,"[119.84671970170002, 102.30449895179996]",34.54412792790838,81.46171778010773
1966,"[119.83493021000002, 102.29938174529997]",34.51540877301429,81.44902143230203
1967,"[119.79674525230001, 102.30781341419996]",34.55907772027301,81.42130076591579
1968,"[119.81141135550003, 102.27699044659995]",34.57053407337288,81.41716679313065
1969,"[119.81676572780003, 102.27782926619994]",34.55417461712886,80.42230412128747
1970,"[119.81758935500002, 102.28757203199996]",34.584702716032396,80.42821703775591
1971,"[119.8170081897, 102.29114933959995]",34.58509376326451,80.42964213736053
1972,"[119.78938379010002, 102.26128803009995]",34.61888338225734,80.39032125522198
1973,"[119.7820363878, 102.24220126509995]",34.60074058510037,80.37389643100721
1974,"[119.7529227698, 102.23710943879996]",34.5796541113489,80.34658103458735
1975,"[119.74984230570003, 102.24591322339997]",34.591812864639344,80.3486940485386
1976,"[119.74613042410006, 102.23501609609997]",34.587495797724756,80.33972362081911
1977,"[119.74991328420006, 102.23333645059996]",34.583128509698575,80.34201906166321
1978,"[119.74376565340005, 102.25005913889999]",34.548821929375045,80.34578301514898
1979,"[119.75088176060007, 102.24303339919997]",34.554205712208706,80.34802959697694
1980,"[119.77706356970003, 102.24723715629997]",34.5582134109976,80.37239247834086
1981,"[119.76515143780003, 102.23841395229998]",34.552254904722936,80.35760754637268
1982,"[119.76854444400006, 102.23555447869995]",34.57112263928874,80.35894238017603
1983,"[119.76933752320005, 102.23411333509998]",34.59295393229961,80.35884071172062
1984,"[119.80832647920006, 102.23259911589997]",34.5835532358658,80.39096445908018
1985,"[119.79926639830005, 102.25087371989999]",34.57998731668681,80.39309224732901
1986,"[119.77763560250003, 102.25908761369999]",34.61562906708151,80.37922116710021
1987,"[119.79073715600005, 102.24527700399999]",34.61518697638887,80.38289199329081
1988,"[119.79164269710002, 102.26610709189998]",34.606283478743954,80.39480955695049
1989,"[119.7718201781, 102.28598291929998]",34.59367944141327,80.3887170938126
1990,"[119.77317654110001, 102.28409031799998]",34.57556882727121,80.3888483283537
1991,"[119.75897125240003, 102.282032037]",34.55859467749434,80.37575133593016
1992,"[119.72781575860003, 102.29291186729999]",34.55755006092126,80.35527987023362
1993,"[119.71789517330002, 102.2959621917]",34.56451390336436,80.34854105340649
1994,"[119.70743251880003, 102.31226402639999]",34.56826554872999,80.34845266476788
1995,"[119.67962798480002, 102.33620212619999]",34.51102847016469,80.33783425119353
1996,"[119.69077277240001, 102.34611860740002]",34.48519618309318,80.3525602976905
1997,"[119.7021600668, 102.33981475650002]",34.49155114328511,80.35878500562254
1998,"[119.7116961003, 102.3447879343]",34.48904027671973,80.36950040502511
1999,"[119.70224057220003, 102.3000710284]",34.53518158536819,80.33753097476504
2000,"[119.70018790650003, 102.3231249495]",34.52489683978264,80.34816516085937
2001,"[119.6639626366, 102.32818325919999]",34.50514067655102,80.32031265441758
2002,"[119.66911112110003, 102.2798212125]",34.49226766331347,80.29870884376183
2003,"[119.65382567450003, 102.2621078085]",34.4817343231679,80.27630795584449
2004,"[119.66158051010001, 102.2203016445]",34.490079345731026,80.26044481446688
2005,"[119.66711728889999, 102.2232109763]",34.498973849718865,80.26667856829422
2006,"[119.67304951050001, 102.21682524570001]",34.53042978264503,80.26826612998293
2007,"[119.6799040726, 102.1986426566]",34.5339445926224,80.26431521667936
2008,"[119.66812894610003, 102.18990356019998]",34.518382277218926,80.24969088337042
2009,"[119.70183398580002, 102.1999510735]",34.491077997008524,80.28353671519446
2010,"[119.72086104960003, 102.19582277060003]",34.47252150760708,80.29739743542636
2011,"[119.73347354000002, 102.19758757]",34.45862108769007,80.30899572212665
2012,"[119.72830141500002, 102.19017397520003]",34.508665405456235,80.30065891575481
2013,"[119.69836358660002, 102.18786801550003]",34.4982894023292,80.27413655191162
2014,"[119.70794048230002, 102.19074604750001]",34.507109174196515,80.28376633337449
2015,"[119.68984567120002, 102.19127817040003]",34.5122953597498,80.26876790857837
2016,"[119.69431321400003, 102.19453783930001]",34.49036184064217,80.27428642266237
2017,"[119.68105760350004, 102.1670249797]",34.48880168933483,80.2483616481556
2018,"[119.68118916250003, 102.14587308790001]",34.458270133259425,80.23715327204656
2019,"[119.66767662270004, 102.11949909680003]",34.44191542114673,80.21162744753856
2020,"[119.70439185830004, 102.10839062460003]",34.423141910452784,80.2367120203484
2021,"[119.73099669520003, 102.08260274120002]",34.417333718956094,80.24541800144435
2022,"[119.7486411421, 102.09048165910002]",34.409821067814704,80.26454279252269
2023,"[119.76647446930001, 102.08458629430002]",34.42198275830686,80.2764705800796
2024,"[119.78020685199999, 102.08708203850003]",34.44316957134387,80.28941378577292
2025,"[119.74529641589999, 102.06672136010003]",34.41107007820453,80.24902492838955
2026,"[119.74463953989999, 102.06049269700003]",34.387927165753986,80.245143631033
2027,"[119.715993306, 102.03343259260001]",34.37533915444517,80.20647446886085
2028,"[119.72365848370002, 102.0464021088]",34.37524180069107,80.21988015157923
2029,"[119.73332624070001, 102.04982237869999]",34.367395759566485,80.22988072241868
2030,"[119.7236540902, 102.04047288849998]",34.36102540736375,80.21671077854383
2031,"[119.71852518969997, 102.04524959629998]",34.37618403851406,80.2149244719168
2032,"[119.7248591888, 102.02675938959997]",34.367922732500865,80.2104093099823
2033,"[119.71503223730001, 102.02861169169996]",34.37480571813814,80.20308820002461
2034,"[119.7116765535, 102.03803185019997]",34.37849539876906,80.2052799530703
2035,"[119.73260997729999, 102.01789233039997]",34.36996878230843,80.21223172056389
2036,"[119.74467186449999, 102.02913656459998]",34.38796653992137,80.22843299545302
2037,"[119.7320789649, 102.04090083029998]",34.39361305202784,80.224063086164
2038,"[119.7383538769, 102.02734400369997]",34.42069553839837,80.22213328731019
2039,"[119.7193600351, 102.03776347729998]",34.44128534279129,80.21163339576802
2040,"[119.724844366, 102.02074062789998]",34.44267567236112,80.20718440672827
2041,"[119.74486821069996, 101.99662870049998]",34.44994524564848,80.21125557132584
2042,"[119.77574930479999, 102.02715331409999]",34.48357294210249,80.25365880648448
2043,"[119.75164838740002, 102.0425100756]",34.47675147475748,80.24147032176491
2044,"[119.76175336490002, 102.03686973750001]",34.47632365142492,80.24700572477714
2045,"[119.76249033590003, 102.0167433051]",34.484709938086915,80.23689071038075
2046,"[119.78249880920002, 102.02295782879999]",34.4948425029654,80.2571298198151
2047,"[119.80586077710002, 102.01710827779999]",34.5032473734625,79.71418584133453
2048,"[119.75511598730002, 102.04363944080004]",34.50641803665799,79.6859333261931
2049,"[119.74961334390002, 102.03173774080004]",34.51116834857089,79.621686642352
2050,"[119.76472801360003, 102.01624858250003]",34.50528493637193,79.62572008526818
2051,"[119.76908476340003, 101.99317860300002]",34.528317561970454,79.61660396342661
2052,"[119.74750469200002, 101.9708184758]",34.54820870146468,79.58626349740325
2053,"[119.76029718290002, 101.96795520490001]",34.55463992296084,79.5953462934728
2054,"[119.76548800520003, 101.9495264031]",34.557015819790934,79.58949811557524
2055,"[119.70982458459999, 101.942837834]",34.52597031592476,79.53939777106851
2056,"[119.6705207053, 101.92047298300002]",34.54227597846296,79.49428038031982
2057,"[119.6595729888, 101.93922247090002]",34.53907993134502,79.49551410965378
2058,"[119.65061827949998, 101.92436055460001]",34.54954673040353,79.4798384719128
2059,"[119.66957485149999, 101.91543399110002]",34.5531200725532,79.49070859333912
2060,"[119.66204988069998, 101.92256146680002]",34.54724853379313,79.48837302115254
2061,"[119.67138769479998, 101.91213375930002]",34.5387103112542,79.49039706924083
2062,"[119.69591354260001, 101.92393195940002]",34.54478080123984,79.5173591765401
2063,"[119.6503684574, 101.9356391153]",34.537909506743354,79.48586249496871
2064,"[119.6412136717, 101.9316154481]",34.52916430068789,79.47600905910555
2065,"[119.61628242250002, 101.91451633820002]",34.52424365378644,79.44578120356276
2066,"[119.6355997797, 101.9299725969]",34.52344482186188,80.30271019286153
2067,"[119.64013037440002, 101.93232672550002]",34.503700258756275,80.30778317322994
2068,"[119.65734099370002, 101.93343379110003]",34.52231591178805,80.32267902174753
2069,"[119.66093138740001, 101.93071851460003]",34.52555041831487,80.3241417507854
2070,"[119.680276323, 101.92816163420001]",34.52290091894095,80.33876474984474
2071,"[119.68435969800001, 101.92574068020002]",34.55882659527216,80.34080171300369
2072,"[119.67708882030001, 101.92017649610001]",34.57231361150036,80.33166315222857
2073,"[119.68195316120001, 101.93673988440001]",34.57976668793105,80.34494432921902
2074,"[119.66998863520001, 101.94748003500001]",34.58638120942377,80.3410143392903
2075,"[119.67918159160001, 101.93347677940002]",34.57736995371049,80.34082325427241
2076,"[119.68270381910001, 101.93023578980001]",34.55450181661877,80.34193663444412
2077,"[119.6922647913, 101.9149291748]",34.5567714756517,80.34132816159034
2078,"[119.67617296249996, 101.87137933129999]",34.534350208130945,80.3036791222902
2079,"[119.65773012679996, 101.8819367936]",34.51866185833758,80.2942607939612
2080,"[119.69057959429996, 101.8704930662]",34.54106435091103,80.30443781879318
2081,"[119.71072595729997, 101.8278766221]",34.53100635953518,79.49194394032816
2082,"[119.70877585899996, 101.82841959410001]",34.52948670775261,79.49065785484471
2083,"[119.70924938819995, 101.8268783388]",34.5650574919692,80.41963062897932
2084,"[119.71248962899993, 101.8291993859]",34.580443716055186,81.16764188846318
2085,"[119.76614255779992, 101.86260258829999]",34.57292079831572,81.23070229543329
2086,"[119.75078932749993, 101.83834664919999]",34.583047093037266,81.20407471075224
2087,"[119.75357622089992, 101.83536642529998]",34.587721192283674,81.20459724784261
2088,"[119.75741957639991, 101.840956859]",34.574611792259496,80.67484859963518
2089,"[119.75343592689991, 101.85574949989997]",34.55823116381804,80.6801027589525
2090,"[119.77052210699995, 101.84552936389998]",34.557421939274974,80.68819608629506
2091,"[119.72611900899996, 101.88266396349998]",34.607274096026934,80.67326133002429
2092,"[119.72625485739997, 101.87233669619997]",34.606863494497844,80.66742548155365
2093,"[119.74428523719996, 101.88258656639997]",34.61863434230714,80.68806884419587
2094,"[119.75919324869994, 101.88611017819996]",34.632884448515796,80.7022867150839
2095,"[119.75417086329998, 101.88171481519996]",34.632914063004975,80.69564967798446
2096,"[119.75821674939992, 101.89435200129996]",34.666994155907375,80.70623363588408
2097,"[119.75629554319998, 101.88242842539995]",34.644402115855996,80.69779776023566
2098,"[119.80272076119992, 101.85267934349997]",34.65559451030675,80.71864677027465
2099,"[119.80893027639993, 101.83266444749998]",34.67747447206416,81.7121818119541
2100,"[119.80751660629993, 101.82413674909998]",34.65604862404649,81.70612271358698
2101,"[119.79402633659994, 101.82933837]",34.638381503214546,81.69807515850334
2102,"[119.81059612989996, 101.84068902310003]",34.65009394936377,81.71815842715229
2103,"[119.81738691739996, 101.84626151280001]",34.65226041114656,81.72691848845022
2104,"[119.82703058579996, 101.85270424730003]",34.648331667785,81.73851307128636
2105,"[119.82542864209996, 101.84123916630001]",34.6317504904426,81.73061078503976
2106,"[119.84828450329995, 101.84522939550003]",34.634367658723875,81.75160677518062
2107,"[119.84187721889997, 101.85147721530004]",34.62861674124659,81.74995528387441
2108,"[119.85230984459997, 101.85327008910002]",34.629363619596326,81.75952250739387
2109,"[119.85039713749997, 101.834648064]",34.6439974835293,81.74725416786544
2110,"[119.85149030109997, 101.83150695370004]",34.63043288842726,81.74634369730694
2111,"[119.85281018249997, 101.83395433000004]",34.632221907218785,81.74883028670376
2112,"[119.83395450999998, 101.84375765350003]",34.64618089167813,82.5900060690171
2113,"[119.81400096619998, 101.85837396080002]",34.646205167044634,82.58223449555176
2114,"[119.7856411999, 101.85417677040003]",34.64009730633587,82.55670370251437
2115,"[119.77780928789998, 101.85676592230001]",34.65463615154969,82.55182921615521
2116,"[119.77205631639998, 101.90118206780002]",34.66546085712651,82.5729377861801
2117,"[119.74327489969997, 101.89268990790002]",34.66696691729866,82.54457778567512
2118,"[119.73216849339998, 101.87585747400003]",34.676464680799505,82.52575904586708
2119,"[119.71236035279999, 101.86521394010002]",34.69260669359076,82.50345298488348
2120,"[119.69961068469998, 101.82206171739999]",34.653636247677234,82.46801117553723
2121,"[119.71234629649996, 101.82041922429998]",34.6515764047498,82.47742646686058
2122,"[119.71448507619998, 101.82062188469999]",34.656429985421326,82.47928553282244
2123,"[119.72282670509999, 101.83208824279998]",34.66612961099627,82.49273452796675
2124,"[119.73685641999997, 101.79634998659999]",34.65269941489405,82.48341541432798
2125,"[119.74675850029999, 101.78614834130003]",34.65443323362696,82.48556177166485
2126,"[119.7236543338, 101.78412265280002]",34.679310977130896,82.46556825462052
2127,"[119.69707846030002, 101.7666528306]",34.66961626115131,82.43378695074881
2128,"[119.68725943540002, 101.75641683629999]",34.67743121678177,82.41985060724629
2129,"[119.7141170465, 101.7534023107]",34.69132923930344,82.43997813068528
2130,"[119.73580656270002, 101.77960978000002]",34.70700105810771,82.4728479216878
2131,"[119.73466241550001, 101.7840857673]",34.728735311149286,82.47451269867476
2132,"[119.73580719719999, 101.77338501510002]",34.71258503808875,82.46923748609908
2133,"[119.7375369831, 101.77260766180001]",34.731325978282165,82.4701956097961
2134,"[119.72621160460001, 101.7679788217]",34.73925338050121,82.45828527350736
2135,"[119.73967257860001, 101.75517097500001]",34.74447242584552,82.46182245670731
2136,"[119.72133192120002, 101.73987774840002]",34.73436936779912,82.43801202558366
2137,"[119.73651033570002, 101.74397883340002]",34.735859444020754,82.45275620789022
2138,"[119.74320503310003, 101.73727670680002]",34.71153744927178,82.45432507718436
2139,"[119.74667078760004, 101.71854259740003]",34.697568283458764,82.44628994970383
2140,"[119.73958828040003, 101.71148298750002]",34.690650611517675,82.43642674236477
2141,"[119.72573749510003, 101.71580115850003]",34.687190688321856,82.42764262712603
2142,"[119.72017466640006, 101.71313012870003]",34.70242742925639,82.42156143142472
2143,"[119.72853411800004, 101.72311653360002]",34.68899720178244,82.43416204298532
2144,"[119.7663896948, 101.70354731300003]",34.676655424709196,82.45367202603494
2145,"[119.7702967762, 101.66534819460003]",34.64899561062376,82.43473344762947
2146,"[119.77949370849997, 101.67542263570003]",34.6670199636048,82.44806511809661
2147,"[119.73861427149996, 101.67975716130002]",34.68678101545717,82.4172501794907
2148,"[119.72697356379999, 101.69804392070004]",34.697135773929816,82.75778816989437
2149,"[119.75962191439997, 101.67044105560004]",34.68506326340484,82.76888042604425
2150,"[119.74869012390002, 101.65163015210004]",34.70328446202675,82.7491791016311
2151,"[119.741266925, 101.66037201870003]",34.70909640313116,82.74805924996706
2152,"[119.7694813259, 101.60529674090004]",34.74011557561435,82.73988577970262
2153,"[119.77119780250001, 101.62828912340005]",34.74635247940727,82.75438619519866
2154,"[119.7698704166, 101.61538966590004]",34.741001324255876,82.7459509426096
2155,"[119.7596849914, 101.62452176120003]",34.721251874526885,82.74277679617994
2156,"[119.77056256459997, 101.63131497340004]",34.7161414134845,82.75558687121493
2157,"[119.77830145619998, 101.63689488450004]",34.73408198042933,82.7651259113522
2158,"[119.78080902969995, 101.64718978450004]",34.736557897953354,82.77304954411748
2159,"[119.77315541319996, 101.65145468210002]",34.71411508769656,82.76918732730472
2160,"[119.76738819999998, 101.62462556110002]",34.7123857717219,82.74916846898954
2161,"[119.75827007849998, 101.63662086550002]",34.7098534032932,82.74850369790471
2162,"[119.77180631989997, 101.63829681740002]",34.70233587578365,82.76058494623888
2163,"[119.78175267469999, 101.63933123900001]",34.71123590733931,82.7693502826009
2164,"[119.80493614569995, 101.61666641700002]",34.69419438955381,82.77550907498896
2165,"[119.81381389949998, 101.59782958260003]",34.693908079261575,82.77209175406985
2166,"[119.80516658369999, 101.59943449060002]",34.70013238316948,82.76589329582765
2167,"[119.80032459749997, 101.57572689380002]",34.69382335102481,82.7484247023582
2168,"[119.78795206619998, 101.56006635550003]",34.691935358624875,82.72934122507687
2169,"[119.8038307568, 101.55127450500002]",34.692171098436695,82.7374033941208
2170,"[119.82302507579999, 101.54010018440002]",34.71017774162957,82.74684259801049
2171,"[119.81710291820002, 101.5034717367]",34.730484577981095,82.72115612807193
2172,"[119.81163350940004, 101.47738651680004]",34.7364261824391,82.70183817435262
2173,"[119.82158178040001, 101.49748142230004]",34.761954039053364,82.72143934086687
2174,"[119.81440907550004, 101.49250538400003]",34.79964595768414,82.71270960965818
2175,"[119.83080700740004, 101.47979071600002]",34.792642670530114,82.71898553128614
2176,"[119.84005609210003, 101.46371341490003]",34.783406621709304,82.7174719242587
2177,"[119.8609128778, 101.47842466390004]",34.766606188560566,82.7429935273669
2178,"[119.83245013639998, 101.45996052530005]",34.76770063269382,82.70907983425688
2179,"[119.82929590540002, 101.48685480550006]",34.741144499644186,82.7217530888804
2180,"[119.83843952090001, 101.47672878300006]",34.76625602922783,82.72352988732688
2181,"[119.8274053401, 101.47201252860006]",34.76219069210657,82.71176893327394
2182,"[119.84114438229997, 101.45669694920005]",34.75875864755415,82.71438531597465
2183,"[119.85121846299995, 101.46448472630006]",34.73922981578562,82.72709967609106
2184,"[119.85547020219995, 101.47626332060007]",34.753621379067575,82.73728584669169
2185,"[119.85598290859994, 101.48818526310006]",34.740386152450384,82.7444760373098
2186,"[119.85230366279997, 101.47913091520005]",34.73510750694292,82.73630684887986
2187,"[119.86413796719997, 101.47350394730003]",34.72686385144518,82.7428556694755
2188,"[119.89709408859997, 101.4752082513]",34.745688044527625,82.77095811393306
2189,"[119.88864332339998, 101.47805750820002]",34.739818762425,82.76561646962566
2190,"[119.8711022977, 101.48062776009999]",34.735233647994036,82.75263289328397
2191,"[119.84719341670001, 101.4978905968]",34.71556113393028,82.74275173347284
2192,"[119.8324168125, 101.51130266210001]",34.71450634468911,82.73820763800906
2193,"[119.84237600319999, 101.5190594279]",34.71405912978588,82.7508102460743
2194,"[119.82254861390001, 101.5379908865]",34.704976652921495,82.74525174575389
2195,"[119.83052026979998, 101.50333189580002]",34.74689232867077,82.732119035835
2196,"[119.81077734249999, 101.5088571819]",34.73770580614312,83.22958743346906
2197,"[119.83809283999997, 101.51577093040001]",34.745376454365335,83.25609479607
2198,"[119.85007795779997, 101.53522324650002]",34.75117636392048,83.27691276997105
2199,"[119.85078601109997, 101.53607277260002]",34.75343800226717,83.27797497915998
2200,"[119.85702887409994, 101.53688142140003]",34.758892113771964,83.28360133837133
2201,"[119.84828683889997, 101.53149857960003]",34.75560677220578,83.27334402207879
2202,"[119.84102486349997, 101.52295316920001]",34.750641225126564,83.26254363090088
2203,"[119.82574747599995, 101.5110385625]",34.74923960601959,83.24321495386926
2204,"[119.82826049469999, 101.5088143575]",34.77698997664438,83.24405324097411
2205,"[119.8314747697, 101.49595058870001]",34.787449012415635,83.23952070389625
2206,"[119.8270178771, 101.50035757300002]",34.77616616655595,83.23829184859947
2207,"[119.81974285289998, 101.50933453309999]",34.77777926290611,83.23728487807053
2208,"[119.79457172499998, 101.52237587919998]",34.79977338372746,83.22372475240896
2209,"[119.76496091479996, 101.5100924656]",34.805419568216884,83.19231254502476
2210,"[119.76452373869995, 101.50960486009998]",34.80812787702439,83.19167731161286
2211,"[119.76495152659996, 101.50473690089999]",34.830036684979476,83.18930640025675
2212,"[119.76860393169993, 101.50462037989999]",34.858901029110534,83.19226758590152
2213,"[119.76817787719995, 101.50296022429998]",34.85569263240966,83.19098517536551
2214,"[119.74860942749993, 101.50489995689999]",34.85224707365629,83.17585710383092
2215,"[119.74157608709993, 101.4898645701]",34.85892389749827,83.1616113697666
2216,"[119.73492194239994, 101.50742850180002]",34.87058191086113,83.1659328602434
2217,"[119.71819327169995, 101.52551113020002]",34.86221132438252,84.06937214770669
2218,"[119.71923423749995, 101.555477762]",34.88796772987461,84.0871490141942
2219,"[119.73164999689995, 101.570335304]",34.89154088071851,84.1057857098837
2220,"[119.72296067879998, 101.5631969448]",34.88572372934806,84.09458339890935
2221,"[119.70888919629996, 101.54908712040002]",34.877013590514075,84.07500247520137
2222,"[119.70624033579996, 101.54607702060002]",34.87535732722786,84.07111661435364
2223,"[119.69426451279996, 101.55295129870001]",34.86909062626151,84.06511529648529
2224,"[119.70653249299998, 101.57606902770002]",34.878890081098525,83.24942237666443
2225,"[119.69595586000001, 101.5740426941]",34.91412836005307,83.23957863740235
2226,"[119.71563515709998, 101.5690186111]",34.907568463135,83.25288002058866
2227,"[119.71066153740001, 101.5604765247]",34.90436267061082,83.24392380739285
2228,"[119.7392417396, 101.5257023262]",34.904516379639055,83.24759125393193
2229,"[119.72313386980001, 101.53083175809999]",34.908741914283944,83.23727577077722
2230,"[119.72532432869997, 101.49402868219998]",34.92922368979546,83.21811136320834
2231,"[119.7679741507, 101.45240228549997]",34.93740491139799,83.22948415725298
2232,"[119.75667683070002, 101.39832175399997]",34.913013895657606,83.18943487452681
2233,"[119.77329395200002, 101.35065289969998]",34.9057088736709,83.17601784711182
2234,"[119.779072997, 101.31432107099995]",34.900935159230215,83.16014209496376
2235,"[119.82561188099999, 101.25820738489995]",34.88778355758236,83.16662818598687
2236,"[119.88837095050002, 101.11657002209999]",34.894394091264395,83.13815359883036
2237,"[119.92420931650003, 101.01589255919997]",34.88833386237732,82.70423052326504
2238,"[119.87524135759998, 100.89490333919998]",34.821854422725075,82.59634990627582
2239,"[119.8835017843, 100.71130224909999]",34.785501433071516,82.50154793135529
2240,"[119.8910858181, 100.67361853509996]",34.77785709844261,82.48703476617175
2241,"[119.8995031552, 100.61234541499998]",34.760671307581575,83.25167903441579
2242,"[119.94725986679998, 100.59590375030001]",34.77383555616946,83.28272479318886
2243,"[119.97251453949997, 100.56473732369999]",34.7879463307488,83.28689807516103
2244,"[119.99599486769999, 100.5570879722]",34.7844716544745,83.30241531242844
2245,"[119.99055567689999, 100.5546725509]",34.82202966807406,83.29653842150663
2246,"[120.00563925109998, 100.5677417831]",34.8365277712591,83.31630761380144
2247,"[120.01843845209999, 100.54564603810002]",34.84407201134341,83.3150016395015
2248,"[120.03888077489995, 100.56582011500004]",34.84535495114547,83.34313429874337
2249,"[120.05052502539996, 100.58035277770004]",34.84704708494396,83.36081615419603
2250,"[120.06652014179996, 100.58423923210005]",34.82998985292058,83.37634645397671
2251,"[120.07726133299995, 100.60585145950004]",34.795905644126876,83.39712849838017
2252,"[120.07063139579995, 100.60263548250005]",34.77708684200247,83.38981690417498
2253,"[120.07334735259995, 100.58557953890003]",34.779828569422634,83.38280184461706
2254,"[120.10335935559995, 100.56722822780004]",34.741944200165534,83.3979791523444
2255,"[120.07779095019995, 100.55409291790005]",34.73768422477349,83.36938099851282
2256,"[120.09465515169995, 100.55625645490005]",34.712585223585464,83.3847047818121
2257,"[120.08874141829995, 100.55589648490006]",34.695247747368974,83.3795482128607
2258,"[120.05288922019994, 100.57243688860004]",34.67141168366736,83.35848622641193
2259,"[120.04737484119994, 100.56716592520004]",34.67854013343372,83.3509905346664
2260,"[120.03808954999997, 100.58085523400004]",34.68178927731812,83.35066247356181
2261,"[120.02959290109999, 100.55253165540006]",34.687604806802895,83.32810669836843
2262,"[120.02247587920002, 100.54532766730006]",34.672497550998074,83.31821413936687
2263,"[120.01040693569999, 100.56422312620005]",34.66035365155221,83.31838774508859
2264,"[120.02218778410001, 100.56291779340005]",34.67093463958712,83.32755495829551
2265,"[120.00360585439999, 100.55902341610005]",34.692557183717206,83.30985170290013
2266,"[119.97992059239999, 100.57569121660005]",34.67437331961643,83.29907836702623
2267,"[119.96236374129998, 100.62065364960006]",34.69664231637239,83.30888589919519
2268,"[119.96481331999999, 100.62211630850007]",34.68180813656887,83.31173677817715
2269,"[119.94815479659998, 100.63028476810007]",34.69534060889789,83.30223535893779
2270,"[119.92858225389999, 100.61208980260005]",34.706995787936464,83.2759044794687
2271,"[119.92357318579998, 100.60669520200007]",34.70987460612896,83.26876302597803
2272,"[119.9270949976, 100.61056992700006]",34.70862528654916,83.27382875723072
2273,"[119.92345673189999, 100.60199370620003]",34.717262422621005,83.26609970948564
2274,"[119.90985635399997, 100.57585762380002]",34.714117404478,83.24044152899327
2275,"[119.88048276799996, 100.59557609190004]",34.74505103556847,83.22658838917782
2276,"[119.87059980809998, 100.61494344610006]",34.76163062369181,83.22888311877645
2277,"[119.85292273839997, 100.62976375040006]",34.74551251705057,83.22217116112311
2278,"[119.87396123649998, 100.64856909980004]",34.73991863157831,83.2500664069264
2279,"[119.89334075549999, 100.62395311630003]",34.75489514522982,83.252853948183
2280,"[119.89407420339998, 100.59960932320001]",34.77333475561182,82.61431043667935
2281,"[119.88185265549997, 100.60509838160004]",34.78245938626099,82.60717348964704
2282,"[119.89100428699997, 100.62099892710003]",34.755432165277156,82.62359990587598
2283,"[119.88897969149998, 100.61549584430003]",34.771364789358174,82.61886617091093
2284,"[119.89115380679999, 100.59558181620002]",34.76520020775689,82.6096485528025
2285,"[119.90209470830001, 100.60331172890002]",34.76889124990309,82.62303926670847
2286,"[119.87049683030001, 100.61907922410002]",34.7428120311744,82.6054630110428
2287,"[119.8581906345, 100.66444697190002]",34.7413957219489,82.62036364712051
2288,"[119.86206188900002, 100.67510292560002]",34.74376378807305,82.62949382938652
2289,"[119.85551409210001, 100.66845320940003]",34.74930421166932,82.6203575756301
2290,"[119.8057503054, 100.6479764746]",34.77408336723856,82.56759125515975
2291,"[119.77851695899999, 100.66919840470001]",34.800840834052345,82.55670625648378
2292,"[119.8017526193, 100.65058022000001]",34.845402863577576,82.56570888599722
2293,"[119.81341150559997, 100.64155850040001]",34.82572377184685,82.57040737497196
2294,"[119.86147539309997, 100.65277735359997]",34.83387671832422,82.61662787906316
2295,"[119.89159914019997, 100.66520497669998]",34.82849129014342,82.64858901019643
2296,"[119.91513693149999, 100.6684016319]",34.82767116222407,82.66995286113385
2297,"[119.95390868079998, 100.65106637759999]",34.8377792786424,82.69262797413226
2298,"[119.9670216765, 100.68040344559999]",34.84168680166764,82.71979520914691
2299,"[119.9856642682, 100.6902424881]",34.84221314190745,82.74076639777707
2300,"[120.01902134839999, 100.71329708849998]",34.857845774584995,82.78130893511111
2301,"[120.00607938609997, 100.68830537189999]",34.86798949629577,82.75669088606458
2302,"[120.00357185399999, 100.68302024619999]",34.851833795370766,82.75167605600325
2303,"[120.01122939919998, 100.6765889164]",34.85704164089406,82.75449106891936
2304,"[120.0300103728, 100.66514243540001]",34.85142151405414,82.76379484509386
2305,"[120.022902938, 100.66798217520001]",34.867543827527214,82.75944743285174
2306,"[120.03511979700001, 100.70983666800001]",34.84043831585491,81.82822540087203
2307,"[120.05145224409998, 100.6939022387]",34.82697558172535,81.83307351792165
2308,"[120.04192908919998, 100.69695338940002]",34.83739771643149,81.82680742171644
2309,"[120.06915271899999, 100.71842862060002]",34.83335816536901,81.86135866801246
2310,"[120.0496630099, 100.68393071820003]",34.78610586455019,81.82608691125273
2311,"[120.0554069428, 100.67574492350002]",34.796300781085876,81.82637206527542
2312,"[120.05414373149999, 100.71149398020002]",34.785214201716066,81.8450127967348
2313,"[120.0681916383, 100.71131783730002]",34.7970848613989,81.85663843704809
2314,"[120.08106996980001, 100.69515076760003]",34.79923543164444,81.85848006630606
2315,"[120.08391399170003, 100.70665380450002]",34.8159546769433,81.86718994101712
2316,"[120.0898816058, 100.70219326180002]",34.84033116120693,81.86971358310767
2317,"[120.0767495733, 100.70682237559998]",34.843305847396664,81.86130354207441
2318,"[120.0871607843, 100.69642040299998]",34.86922008986019,81.86426306836691
2319,"[120.04934725819997, 100.67420790699998]",34.8854150205209,81.82046778162321
2320,"[120.05759690379999, 100.67537728019997]",34.91317068987172,81.82799746491386
2321,"[120.06059248739999, 100.68595507749998]",34.93294970696344,81.8363238363446
2322,"[120.06825355389999, 100.70852682549999]",34.916161377212916,81.85515229951312
2323,"[120.06966426449998, 100.7145643288]",34.92889435890068,81.85965618455896
2324,"[120.06971397549998, 100.69709040209999]",34.928461970975825,81.85007054315584
2325,"[120.04644886759998, 100.6898356612]",34.94699812952526,81.82665753548565
2326,"[120.01377075309998, 100.65794947410001]",34.97517060710462,81.781819292167
2327,"[120.00456339690001, 100.66629649119997]",34.99614366281223,81.77873362028366
2328,"[120.0127553294, 100.62383101709996]",34.99927573409043,81.97754457791827
2329,"[120.00891126089996, 100.61306797219997]",35.00311685856503,81.96849270312559
2330,"[120.0073170474, 100.60674487019996]",35.00645699544577,81.9637339261801
2331,"[119.98454247420001, 100.59162028429999]",35.01232321249812,81.93639786226798
2332,"[119.9705646226, 100.5992666064]",35.01419852390294,81.92877081555386
2333,"[119.98327861430002, 100.59379214459999]",35.01001050302493,81.93650828943413
2334,"[120.0055177283, 100.63657331809998]",35.0155441783599,81.9783449636067
2335,"[119.98605795680001, 100.65349408139998]",34.98932420866947,81.97112842449515
2336,"[120.0034159725, 100.65596856239996]",34.98265985247935,81.98706617171857
2337,"[119.99578112129998, 100.66581366429999]",34.952622625690445,81.98597070837886
2338,"[120.0128946672, 100.65382850999998]",34.94594063740451,81.99388134103371
2339,"[120.0369007271, 100.68371650399999]",34.94894851811651,82.03023876973806
2340,"[120.050670793, 100.694902578]",34.96738326525904,82.04787128051885
2341,"[120.04848999730001, 100.70807768930001]",34.948848795056676,82.05316540519709
2342,"[120.0348681353, 100.70668437180001]",34.95286890904013,82.0409562706903
2343,"[120.029320128, 100.7221846021]",34.95923449268515,82.044680511242
2344,"[120.05700628579999, 100.7398586584]",34.960544595653616,82.07752681362437
2345,"[120.09247559609999, 100.72877655399998]",34.93090030286392,82.10135589046628
2346,"[120.0955418419, 100.71536218540001]",34.95003128511215,83.08714122682368
2347,"[120.10366750049998, 100.68878005570002]",34.944786374960174,83.07955707830624
2348,"[120.07065490879997, 100.6629783828]",34.95530281626037,83.03782945028952
2349,"[120.07223407029998, 100.6664907706]",34.97126517862176,83.04106026381072
2350,"[120.06372514939999, 100.65347366020002]",34.979314023312696,83.02685441909087
2351,"[120.0556962242, 100.66026230830002]",34.98828334799107,82.57135414341987
2352,"[120.05565131009999, 100.6483089452]",34.98931542081452,82.36988747395343
2353,"[120.07252713460001, 100.62101322260003]",34.990316321140874,82.36924749735081
2354,"[120.07725734529998, 100.62039706190004]",34.99412203308167,82.3728866950495
2355,"[120.1029146974, 100.64440540900004]",35.011592481842925,82.40746530746189
2356,"[120.1124517363, 100.63391550130005]",35.00972549757039,82.40978576716665
2357,"[120.11757781719999, 100.63418603500004]",34.998762416750054,82.41423890703992
2358,"[120.08446655359998, 100.61965424710004]",35.025992840455814,82.37853980609549
2359,"[120.06281949509996, 100.60518146970001]",35.026886308947574,82.35250359523423
2360,"[120.09023995669995, 100.6277529517]",35.03091432973431,82.38778335467379
2361,"[120.05680275069997, 100.64416899040002]",35.06463826666466,82.36860701608633
2362,"[120.08032260859996, 100.65634308540001]",35.04627128517356,82.39496844030188
2363,"[120.06832710669994, 100.6722265231]",35.02092683152554,82.39351834160087
2364,"[120.06917613769994, 100.64859840119999]",35.04390687880513,82.38140311726406
2365,"[120.06917613769994, 100.64859840119999]",35.04390687880513,82.38140311726406
2366,"[120.05417045659996, 100.64656300019996]",35.051854752914124,82.36769599344636
2367,"[120.05141872869996, 100.6525829572]",35.07401271056764,82.36865347066139
2368,"[120.04308558499996, 100.68108929779999]",35.083337173765024,82.37713805250743
2369,"[120.03118290179997, 100.68461837629998]",35.070398112925126,82.36906251550805
2370,"[120.00613278759997, 100.67718700629997]",35.06853308223931,82.34399516939341
2371,"[120.02401870629996, 100.6846690955]",35.0672715355975,82.36307572028376
2372,"[120.03069893219995, 100.67825364389996]",35.07239529841399,82.36519817738481
2373,"[120.04733364219996, 100.67294685199998]",35.07968219048032,82.37628181995238
2374,"[120.03637940939993, 100.69070557279998]",35.069036383495806,82.37673249104355
2375,"[120.03459093989994, 100.69397726179999]",35.08560849189437,82.37700886191286
2376,"[120.03366488969993, 100.69431879699998]",35.086378062071695,82.37641705934801
2377,"[120.04949256249992, 100.7287276486]",35.10064329673791,82.40840439746705
2378,"[120.06563902749993, 100.75127754959998]",35.07511638747494,82.4342157503724
2379,"[120.04686191059996, 100.75543784539997]",35.07448675074607,82.42071985620407
2380,"[120.06545828199995, 100.77286959059998]",35.03984832492963,82.44580601411171
2381,"[120.05487207939994, 100.80188635840001]",35.05391716530382,82.4527103816094
2382,"[120.03410637099995, 100.79060502930001]",35.03392065209517,82.4291496149378
2383,"[120.02634786659993, 100.80854185000003]",35.034483801009735,82.43240466122508
2384,"[120.01771158969994, 100.8012468197]",35.05079203083996,82.42118888871778
2385,"[120.01419273569995, 100.80451220670002]",35.0819731608553,82.42001503867745
2386,"[119.99460358419992, 100.7953882717]",35.092387323676434,82.39861633942962
2387,"[119.98329368369993, 100.81597493590003]",35.092101998939725,82.40034243031549
2388,"[119.98494855319994, 100.79764112850003]",35.09924418339062,82.39174495328915
2389,"[119.99353742779996, 100.76442519820003]",35.0880531425465,82.38086701587216
2390,"[120.02043480119994, 100.77629092840003]",35.097662284610124,82.40989002286074
2391,"[120.03761488489995, 100.76969561800003]",35.09606641188738,82.42071587370755
2392,"[120.03481492829995, 100.73219093870003]",35.11905173467248,82.39796833893139
2393,"[120.04482411289993, 100.75148637840002]",35.1283577596537,82.41686078111162
2394,"[120.05711817499994, 100.77149294410003]",35.153909996283936,82.43805873136928
2395,"[120.06948302659995, 100.77697489710003]",35.159038932939374,82.45141626710569
2396,"[120.05734068169996, 100.77525245660003]",35.1536754034625,82.4402904333169
2397,"[120.03013969749992, 100.76414873540001]",35.14555151451943,82.41142603224728
2398,"[120.03318522989991, 100.76191744850001]",35.147274272923255,82.41276765288842
2399,"[120.02988188809992, 100.7703432343]",35.14489705157351,82.49980605956085
2400,"[120.04221450779993, 100.7812148962]",35.14723661587339,82.51603829612935
2401,"[120.03701311359993, 100.7862941638]",35.146213459107884,82.51435261100507
2402,"[120.02198033329992, 100.78379303969997]",35.139446619233496,82.50030722943714
2403,"[120.01512184949993, 100.729160971]",35.13566406159267,82.465342957765
2404,"[120.06394846559994, 100.64495707970002]",35.15572818080416,82.46176095760951
2405,"[120.10015090259995, 100.56225174219998]",35.172352445111976,82.44839834211243
2406,"[120.14844218049993, 100.46974608119999]",35.202284382138245,82.44017716067215
2407,"[120.17909873269996, 100.36427316810001]",35.19619971031397,82.41026126862148
2408,"[120.1796660465999, 100.15657826159999]",35.224743532234776,82.30094648489957
2409,"[120.18043960949994, 99.88858550899997]",35.17562677545593,82.16049175851226
2410,"[120.1913076804, 99.67623907619995]",35.176207117960175,82.0583899011492
2411,"[120.20942227769997, 99.40896092909996]",35.17741287638933,81.93426455246654
2412,"[120.13337726119995, 99.14035883349995]",35.10434324022104,81.72964108871949
2413,"[120.14113918879997, 98.88803277739999]",35.131653262622144,81.60561773825822
2414,"[120.12207826779999, 98.59081587339995]",35.10692458527067,82.27068324305202
2415,"[120.1004172532, 98.36970912899999]",35.07934091099549,82.13742464421557
2416,"[120.08817501339999, 98.19912179529997]",35.06330427362844,82.03870380101215
2417,"[120.01429182310001, 98.03044738299997]",35.00201530073541,81.8883790144981
2418,"[120.05841393290004, 97.88046050569996]",35.02578838196844,81.84901641070678
2419,"[120.11838152699998, 97.79098124989996]",35.01599915468234,81.8545507201546
2420,"[120.15241154149999, 97.80107359989998]",35.024237057509524,81.88894218708111
2421,"[120.14214844169997, 97.77069965799996]",35.024282495712505,81.86456176627559
2422,"[120.1446216328, 97.75296371609997]",35.04096970678616,81.85759877510486
2423,"[120.1757191803, 97.74011652049998]",35.046892795943634,81.87772968467146
2424,"[120.1967252412, 97.70478811869998]",35.03728069122763,81.87769693633463
2425,"[120.20356827619999, 97.67153858959996]",35.041345429927446,81.86657454192107
2426,"[120.21053846289996, 97.66713242379996]",35.02263901383217,81.87031298490403
2427,"[120.20020273449997, 97.67791274359996]",35.01622677849589,81.8669408342571
2428,"[120.19994769939998, 97.66685497289997]",34.997356518667495,81.86106853958103
2429,"[120.19076913649998, 97.68426496039996]",34.99910268159963,81.86208191009324
2430,"[120.1831711724, 97.64780499259996]",34.97806525191067,81.83691191634911
2431,"[120.17662160260001, 97.67226019649996]",34.97740094028551,81.84378518273763
2432,"[120.16615124420001, 97.65936876049996]",34.98627488970658,81.82819535090978
2433,"[120.1629068208, 97.64700582609997]",35.02362992990463,81.819086424118
2434,"[120.15508728889999, 97.61625210299997]",35.02314503300201,81.79664749468435
2435,"[120.15508728889999, 97.61625210299997]",35.02314503300201,81.79664749468435
2436,"[120.15784737599999, 97.63847986589997]",35.01438347033146,81.81037966713825
2437,"[120.14244369800001, 97.65132982919997]",34.99476981265207,81.80371088288342
2438,"[120.134353914, 97.63382034619997]",34.98697426435254,81.78780595623607
2439,"[120.10046038420002, 97.63877594719997]",34.982316628228816,81.76121288650629
2440,"[120.09702009510002, 97.62317269719999]",34.998824349387476,81.7502769380639
2441,"[120.10147093650001, 97.61421780969998]",35.00185753264646,81.74952347538064
2442,"[120.10608514270001, 97.58563496209997]",35.00219750507419,81.73888089268432
2443,"[120.0585234612, 97.58492006569998]",35.04329510986099,81.6976346748316
2444,"[120.04962905980004, 97.5546907414]",35.05063275990662,81.6745397496012
2445,"[120.01708347510001, 97.56228995069998]",35.081623378761726,81.65045010286579
2446,"[120.0044662165, 97.52959010939998]",35.09713357146713,81.62289219443605
2447,"[119.99610920800002, 97.5140529542]",35.09779635580323,81.60776974747581
2448,"[120.028335173, 97.45943132939999]",35.09237374165749,81.6075910152266
2449,"[120.02455899399996, 97.42400830430002]",35.07961206773015,81.58627443538191
2450,"[120.03573774099996, 97.3901816625]",35.09723588995561,81.57864878005634
2451,"[120.02149913399997, 97.34634523160001]",35.08028799339543,80.62199476823442
2452,"[120.00957763589997, 97.27432162640001]",35.06249314443366,80.57481033254753
2453,"[120.03759803019999, 97.262513333]",35.02521918649785,80.59281592049217
2454,"[120.04783840429998, 97.23489632419998]",35.01716996663743,80.58746105102632
2455,"[120.03132711029996, 97.15475679549999]",35.03454749283998,80.53225658968272
2456,"[120.05045705379996, 97.13602778820001]",34.99980164254921,80.53911780076724
2457,"[120.04714820249997, 97.06944056860002]",34.98877210523594,80.29673156625384
2458,"[120.06683789390001, 97.05095816560001]",34.9406605798912,80.30390982668669
2459,"[120.08445403090002, 97.0313248425]",34.9389726722665,80.30872694846485
2460,"[120.0896671076, 96.99936976979998]",34.95315117846143,80.29654969060182
2461,"[120.11317694309997, 96.96616674900001]",34.90160209441332,80.29936506662436
2462,"[120.12125664659996, 96.927422463]",34.87154080078844,80.28613720557404
2463,"[120.12542184249997, 96.87795138989999]",34.82178725358672,80.26401379274371
2464,"[120.1865143635, 96.81062594600002]",34.80822378201597,80.28135000113694
2465,"[120.19312425529998, 96.74790940090003]",34.784209138044154,80.2545390367648
2466,"[120.19960838619996, 96.74528221810006]",34.745655569939665,80.2587289275537
2467,"[120.21132391249992, 96.71154045230006]",34.749614361614974,80.25130800040463
2468,"[120.24899069199994, 96.68050025140006]",34.74381111788363,80.26751939296679
2469,"[120.24809462949996, 96.66294107520005]",34.734591741569155,80.2576851525767
2470,"[120.24481263809997, 96.65207309390006]",34.7266087431971,80.24926379846029
2471,"[120.2686414227, 96.63456705590005]",34.70023268827267,80.26064034342853
2472,"[120.30375272029998, 96.63852468770003]",34.68961531234383,80.29276129836103
2473,"[120.3138684619, 96.62512578630002]",34.67552553932139,80.29451902686932
2474,"[120.3158376815, 96.61241596940003]",34.672621175985384,80.28965435057681
2475,"[120.30807500730002, 96.61543382170002]",34.674841471217476,80.28455817438932
2476,"[120.30174043400001, 96.63303694310004]",34.68046477730519,80.28820705664683
2477,"[120.28568744180001, 96.61730797840004]",34.65836940336646,80.26634199835536
2478,"[120.26952291949998, 96.61779520920003]",34.66231552508472,80.25274405964504
2479,"[120.31543071489997, 96.61424848340002]",34.63903864129756,80.29025019919098
2480,"[120.32101574619999, 96.62355748190002]",34.63362014589522,80.29983471246783
2481,"[120.34618161329999, 96.60649928859999]",34.64336117835953,80.31260961186467
2482,"[120.3674234939, 96.59678900060003]",34.65884051448027,80.9349935701876
2483,"[120.36488594990001, 96.60078492939999]",34.662566013466034,80.93492312364555
2484,"[120.38236870320003, 96.6081223263]",34.66259614660663,80.9536601336722
2485,"[120.39099217500002, 96.60705876450001]",34.684114053472044,80.96045129633916
2486,"[120.37738373700003, 96.63379560530002]",34.67270751148086,80.96285495848686
2487,"[120.38005482140002, 96.60883507890003]",34.68805407791032,80.95206168049934
2488,"[120.38562380690001, 96.58643735260003]",34.69262566371695,80.94508525019707
2489,"[120.38150389380002, 96.60132380140001]",34.68773182614845,80.94936477367597
2490,"[120.37641922600001, 96.56666401580001]",34.70511895746068,80.92689601043166
2491,"[120.34297595000002, 96.58051405169999]",34.72686741968774,80.90564379707243
2492,"[120.35539370830001, 96.58744167529998]",34.73496569420991,80.91985071765163
2493,"[120.31565134160005, 96.54117801369999]",34.72826484329057,80.86177427852569
2494,"[120.32972884150001, 96.51534099909999]",34.75880871151557,80.86025819263459
2495,"[120.35238572530005, 96.46094144080001]",34.79322856873991,80.85114592093488
2496,"[120.38132245830006, 96.40665893600003]",34.79125678385061,80.847494317769
2497,"[120.40238133140005, 96.36602895640003]",34.805060387626334,80.84427955301899
2498,"[120.41470295840003, 96.30499068540003]",34.79359536798038,80.823005981241
2499,"[120.44985872830004, 96.26873914540002]",34.77952694518398,80.8341677595557
2500,"[120.48484896200006, 96.25689964950001]",34.78532513107426,80.85790291242975
2501,"[120.48934263790005, 96.20662412160003]",34.80819694853638,80.83562533773343
2502,"[120.52125248530005, 96.20998572450002]",34.80683017925715,80.86464296675967
2503,"[120.53998302610003, 96.218913668]",34.8110439695036,80.88528673602447
2504,"[120.53199668130003, 96.2288839568]",34.80688888969797,80.88363693797464
2505,"[120.5116850396, 96.22172431590005]",34.8182846119581,80.86256043272985
2506,"[120.50794799039998, 96.21845587760005]",34.831530291606235,80.85766952634849
2507,"[120.50349766059999, 96.22561691080006]",34.80890021291095,80.8575849745349
2508,"[120.51813098939999, 96.20513378240007]",34.78835021449774,80.85945637884713
2509,"[120.52124827399997, 96.20550115280007]",34.77137346660481,80.86231151761108
2510,"[120.54944741109998, 96.22668661410007]",34.754771303649406,80.89741098351867
2511,"[120.56645895909996, 96.22994128130006]",34.73842032912011,80.91364073550346
2512,"[120.5443327051, 96.26779164840005]",34.7362884429298,80.91438564619132
2513,"[120.55250229109998, 96.27104829540005]",34.720319903276284,80.92305816566675
2514,"[120.55835789700001, 96.26477884390005]",34.69737261695325,80.92480526327353
2515,"[120.55999436200001, 96.24687802630002]",34.649590143963835,80.91690777005901
2516,"[120.5698943703, 96.25689885980006]",34.63906145269843,80.93057181080158
2517,"[120.5980015793, 96.22749880260005]",34.61633304812003,80.20522943446828
2518,"[120.66653159909998, 96.18638695250003]",34.555137838550785,80.24310894004407
2519,"[120.72822676330001, 96.16076622580003]",34.47687199362756,80.28307527720422
2520,"[120.7791257957, 96.15321932110005]",34.432001619440186,80.32300413515463
2521,"[120.84213097590003, 96.15725664530004]",34.37050275400523,80.37926574556168
2522,"[120.89115260940001, 96.17753256860006]",34.318652735804505,80.4317771982884
2523,"[120.90012528950001, 96.2081601566]",34.29122802214996,80.45510694474405
2524,"[120.97058586730002, 96.21248615790002]",34.244275235971834,80.51793608395045
2525,"[121.02329118540003, 96.19011955960002]",34.18949659242939,80.55190804455809
2526,"[121.08711102730004, 96.17599116370002]",34.159930648713555,80.59966572148018
2527,"[121.12195889310001, 96.13758589610002]",34.127522582948515,80.61016050292085
2528,"[121.21597444679998, 96.09526493300001]",34.05483409539362,80.66969333099614
2529,"[121.2775249524, 96.10797998400002]",34.011327072930094,80.7291949283513
2530,"[121.28463126169999, 96.10862446620001]",33.995991281691765,80.73564765414778
2531,"[121.29440250430001, 96.0861726153]",34.00199592770391,80.7326966963003
2532,"[121.30598762229997, 96.06086184580003]",33.95014049543759,80.72987001834626
2533,"[121.33708354029997, 96.04919739520003]",33.907950363525934,80.75078646213217
2534,"[121.36552824819996, 96.06546874850001]",33.890667676322806,80.7835543013885
2535,"[121.38809582079999, 96.03384613620001]",33.84727148339004,80.78703024356687
2536,"[121.3961339853, 96.02663368040001]",33.846105701188606,80.79032015526693
2537,"[121.41502332210001, 96.02521590920001]",33.826660035111246,80.80590337620971
2538,"[121.4347408575, 96.02639616300003]",33.84390621124744,80.82351529698815
2539,"[121.45202562320003, 96.02335041260002]",33.84646762584275,80.83689401352528
2540,"[121.47598531120002, 96.02187515230001]",33.854875229634715,80.85682877414716
2541,"[121.47305769550002, 96.02890970750002]",33.8715787862115,80.85785424197992
2542,"[121.47168991660001, 96.02520502020005]",33.855039426600996,80.85480277375883
2543,"[121.51294011739999, 95.99590042390003]",33.88726535940156,80.87562084409075
2544,"[121.53015219449999, 96.00066697900003]",33.88401551501011,80.89288675752174
2545,"[121.56266295649998, 95.97966335589999]",33.91065737123523,80.91036953537689
2546,"[121.58868740499996, 95.9638482987]",33.929051790987415,80.92487772553396
2547,"[121.56733977949997, 95.95541961210002]",33.930673625947975,80.90219094119638
2548,"[121.56490245949998, 95.95840005350001]",33.91932103315706,80.9015873623934
2549,"[121.54103795959996, 95.9638135601]",33.92097833666511,80.88370339935732
2550,"[121.53119524339996, 95.96558017769998]",33.91302999439498,80.8760933147412
2551,"[121.52929740559993, 95.98271358109997]",33.91199135049399,80.8830933196053
2552,"[121.51546636509993, 95.98694813699998]",33.91061432033132,80.87328600742421
2553,"[121.51554280569997, 95.97061733209999]",33.90441087841515,80.86511576789052
2554,"[121.50224417509999, 95.98161372729999]",33.92048722848945,80.85917842395472
2555,"[121.50876430789997, 95.97696067409998]",33.92465522191879,80.86246139273634
2556,"[121.50468251829997, 95.9624360657]",33.93572867888441,80.85161187176536
2557,"[121.48724723409994, 95.93616577769998]",33.921978827368044,80.8233099698825
2558,"[121.50705622899996, 95.93228370879999]",33.882971122902084,80.83846210880144
2559,"[121.52641329039996, 95.91553244810001]",33.86099813106733,80.8467431396153
2560,"[121.53104756729994, 95.90134654049999]",33.859701769530446,80.84360253798047
2561,"[121.54727457659996, 95.89470332640002]",33.82598949032762,80.8542782924149
2562,"[121.54784853569996, 95.8611258619]",33.81697343326756,80.83787693535588
2563,"[121.60919831259999, 95.7964067819]",33.84573102798113,80.8583857667361
2564,"[121.6155531046, 95.76015892310001]",33.85888705847095,80.84568678135766
2565,"[121.6254060337, 95.75687191480002]",33.87525399241409,80.85256053365917
2566,"[121.63068842259997, 95.766069208]",33.85360281849697,79.98560845525243
2567,"[121.635474539, 95.77891507230002]",33.85901287231193,79.99614203923608
2568,"[121.628003787, 95.78543295250002]",33.85882595528048,79.99289550298697
2569,"[121.61056534329998, 95.78039704910002]",33.8498201774428,79.97525935186397
2570,"[121.56616497189998, 95.76862719140003]",33.84475288350647,80.91335350388559
2571,"[121.5667721436, 95.75364847400002]",33.83091449959682,80.90646893864665
2572,"[121.54652677470001, 95.78069191910002]",33.82746328068134,80.90226269847162
2573,"[121.55251219979999, 95.75284478330002]",33.821507938856215,80.54450603109466
2574,"[121.53676742209997, 95.74013621990004]",33.81373828918347,80.52449899441122
2575,"[121.51379392869998, 95.73799686600003]",33.80888126825386,80.50358883736658
2576,"[121.52369552479996, 95.73888562290003]",33.83044654281696,80.51258417145631
2577,"[121.5450421379, 95.74261177250003]",33.83203085274709,80.53289155710057
2578,"[121.55564784239998, 95.70456354560001]",33.85116569750619,80.52284712267955
2579,"[121.55888562669998, 95.69976249980002]",33.84606830002217,80.52322117706929
2580,"[121.56962060919996, 95.74633686340003]",33.843584364883924,80.55598906063713
2581,"[121.54500154509995, 95.76154256020003]",33.82328933547585,80.58635086912898
2582,"[121.52851227509998, 95.77875603430005]",33.817020169054175,80.58052825303703
2583,"[121.53451088919998, 95.77686759970004]",33.815025623171735,80.58480826736377
2584,"[121.53106651449997, 95.78053212700003]",33.78084754585097,80.58362662810396
2585,"[121.53017619009998, 95.74170777630003]",33.778916464840606,80.56365983709979
2586,"[121.55911017969994, 95.74360542870004]",33.75773438802588,80.58975277653056
2587,"[121.57321212099994, 95.67169805970003]",33.74539370546934,80.56651879780905
2588,"[121.57568612919997, 95.66697576520002]",33.72509159782046,80.56634159669856
2589,"[121.56941868249993, 95.68755000110002]",33.70934980505368,80.57104005543694
2590,"[121.59562236909998, 95.6896969357]",33.68723834935891,80.59489145709836
2591,"[121.64057957770001, 95.63858809739999]",33.63488741205671,80.60881079451117
2592,"[121.6543039483, 95.6456016676]",33.5834870655099,80.62420938394858
2593,"[121.6706237624, 95.65752394110001]",33.57349505702649,80.64428476587004
2594,"[121.68340593939998, 95.65240387960003]",33.5443206723275,80.65288668953943
2595,"[121.7204493532, 95.6272678522]",33.52046873419944,80.67275570649612
2596,"[121.73302417289999, 95.60855478159999]",33.523467224697626,80.67449739837559
2597,"[121.73116773799998, 95.62496761690001]",33.50567209666652,80.68095498539536
2598,"[121.73877278699997, 95.62221999750001]",33.51502710905151,80.68622426548124
2599,"[121.74141329929998, 95.61931437550004]",33.5180819041921,80.68709387155782
2600,"[121.71511077839999, 95.58335588400003]",33.54827407175977,80.64650767497821
2601,"[121.73088319760001, 95.58192716930003]",33.534474178587836,80.65953973981068
2602,"[121.75309577800003, 95.53663482670005]",33.495875841355236,80.65663274655982
2603,"[121.7597510253, 95.54184608910005]",33.506299038313394,80.66498935547816
2604,"[121.767402923, 95.59796099340005]",33.49206705653587,81.27998987973045
2605,"[121.76132067360003, 95.57066656060005]",33.473463298637945,81.26148885055682
2606,"[121.77297306480004, 95.56362222280003]",33.47744715402899,81.2682963409583
2607,"[121.76572290960004, 95.56892360680004]",33.46823576297073,81.26450362447734
2608,"[121.77643550550003, 95.57649470010004]",33.47427075882408,81.2775398376226
2609,"[121.78570367450004, 95.56825996740004]",33.48180618681942,81.28168493774362
2610,"[121.78465559870003, 95.56406065090003]",33.481563408181245,81.27874116257789
2611,"[121.80211999790002, 95.53383556910003]",33.48661527199121,81.27946713635286
2612,"[121.8004669113, 95.52223890340005]",33.470654780555094,81.27242973685976
2613,"[121.81137036640001, 95.48724785040005]",33.48378884040929,81.26512957339169
2614,"[121.79574825, 95.46702721360006]",33.46974259170817,81.24170194186902
2615,"[121.80208717110001, 95.46396745890004]",33.476211674677664,81.24578526284719
2616,"[121.8287448529, 95.46288275170005]",33.483841581491696,81.26863074450496
2617,"[121.8194015233, 95.45931873840006]",33.47488085160186,81.25872526915606
2618,"[121.80868150269998, 95.44666922170005]",33.433176331132756,81.24324123716727
2619,"[121.80727151419997, 95.44990291120004]",33.44699035968052,81.24356110561574
2620,"[121.80479560119997, 95.43537789270003]",33.44480417564214,81.2344023891072
2621,"[121.82413151489999, 95.44320554750001]",33.434438884996936,81.2551195780449
2622,"[121.862044384, 95.44203127310001]",33.431778029111996,81.2877954739819
2623,"[121.87458039449997, 95.45469885220001]",33.423852985285386,81.30487825937092
2624,"[121.876029339, 95.43950432930005]",33.428321905583346,80.41755452050887
2625,"[121.90355568999998, 95.42958917030005]",33.417411087291455,80.4370560062388
2626,"[121.91374402689999, 95.45814455210002]",33.41488001801562,80.45959601156325
2627,"[121.90978667079999, 95.45035761800001]",33.41004343605743,80.45241172847095
2628,"[121.89221927070001, 95.4715832122]",33.415495465422,80.44705523221643
2629,"[121.88863640799998, 95.4600026081]",33.416077159379576,81.42130703805427
2630,"[121.90056211489997, 95.4412196744]",33.429220849072436,81.42291495004379
2631,"[121.89859844089997, 95.43572077760001]",33.41153749006044,81.41858182439645
2632,"[121.9031547405, 95.431567216]",33.40294533272663,81.4206289091278
2633,"[121.92957330560003, 95.43545053040002]",33.40535621511205,81.4457387917227
2634,"[121.91583505099999, 95.4561982444]",33.39811932560952,81.44345967675935
2635,"[121.92262097429999, 95.47213644090002]",33.40283748557089,81.45698464754433
2636,"[121.96647359019997, 95.46781769289998]",33.40061407854546,81.1572660696856
2637,"[121.99749824119999, 95.41840399360001]",33.42365812135403,81.16189672516626
2638,"[122.04150485080002, 95.33470502319999]",33.47646188395463,81.16225534651208
2639,"[122.1100274771, 95.23913879069998]",33.521486651995886,81.17902508736518
2640,"[122.1888215326, 95.12347325260002]",33.57479118482273,81.1958660741565
2641,"[122.23094101609999, 94.96447496679998]",33.59066973661615,81.16051939361026
2642,"[122.25158658720005, 94.79620564930005]",33.588870292995246,81.10215046645816
2643,"[122.26168401620004, 94.61048214310001]",33.5714227850606,81.02677894198655
2644,"[122.23441955100004, 94.40799249649999]",33.53180911770347,80.91085766682907
2645,"[122.2844771014, 94.18840334430007]",33.594270955234,80.85667991970281
2646,"[122.32272529480001, 93.96168453320003]",33.64060172175928,80.7893432337004
2647,"[122.33119130989996, 93.69626094990001]",33.611404354829276,80.6787330525552
2648,"[122.32874645970003, 93.4522612092]",33.6007649640021,80.56851224552332
2649,"[122.34722302000002, 93.18463832590001]",33.59798390062026,80.4673099500813
2650,"[122.33977827870001, 92.90061985760003]",33.558477821581995,80.33639955293444
2651,"[122.29937778509999, 92.66746005420003]",33.514279220702726,80.1986271102484
2652,"[122.30602646509996, 92.51296846600003]",33.48763992875577,80.1377282841407
2653,"[122.34612180879995, 92.30242619060002]",33.44465977807564,80.08316119592358
2654,"[122.37994109409999, 92.20498697890005]",33.45102854562677,80.07187832513105
2655,"[122.40142829559998, 92.07207819840004]",33.49360590618013,80.03441859464411
2656,"[122.43009630889993, 92.03453284790007]",33.5209756877932,80.04431135723124
2657,"[122.43449065599998, 91.98510752390006]",33.51118276938567,80.02720887277016
2658,"[122.40055355849996, 91.95565290760004]",33.479532812114265,79.98395599469877
2659,"[122.41770797879997, 91.91333809870002]",33.49008823779523,79.98146061811592
2660,"[122.4056221265, 91.88657200440004]",33.4893627041445,79.95913611286343
2661,"[122.40592644099998, 91.88352209900006]",33.493144927302794,79.958114418731
2662,"[122.37001297389997, 91.85646982100005]",33.5265537801109,79.91410624332924
2663,"[122.3365564955, 91.87781904330006]",33.56305597557144,79.89290865422073
2664,"[122.28312041890001, 91.87683608950005]",33.56780731509537,79.84413732672189
2665,"[122.255885098, 91.85627037880005]",33.59783448171924,79.8107377355615
2666,"[122.2191329006, 91.85978314640006]",33.612515402388716,79.77898009480344
2667,"[122.21193022299998, 91.83574498530007]",33.64056070058052,79.76222687959199
2668,"[122.1847414027, 91.82004083450005]",33.64717592484218,79.73093939609012
2669,"[122.11282450739998, 91.79235624030005]",33.6769857921696,79.65407919888098
2670,"[122.07327966220001, 91.77796821940007]",33.689854950800466,79.61217183876433
2671,"[122.03870170370001, 91.74162229290005]",33.68867967206153,79.56541102812184
2672,"[122.01403792529999, 91.72774217340003]",33.70352915952899,79.53718515076054
2673,"[121.94012773749999, 91.71179739570003]",33.726539153700045,79.46351819024638
2674,"[121.89926650759999, 91.66362017690003]",33.6922289320176,79.40603767373376
2675,"[121.88049127189998, 91.61345684730003]",33.72354482325265,79.3677125095543
2676,"[121.8847437025, 91.5708270307]",33.70020231693737,79.35345254466344
2677,"[121.86790551009997, 91.5112468929]",33.72595153581039,79.31292464791389
2678,"[121.88689975249996, 91.4856224959]",33.72686829135974,79.31926683315828
2679,"[121.86795271509999, 91.4134597208]",33.725882691005424,79.27155060204717
2680,"[121.879266943, 91.3355184697]",33.70384234670488,79.24886665626401
2681,"[121.8422992433, 91.28212794639998]",33.73449330121849,79.27605144062503
2682,"[121.8417539622, 91.2127120462]",33.734205085171084,79.24551587071707
2683,"[121.87341044, 91.1457470777]",33.71593612194214,79.24513422319353
2684,"[121.89044260780003, 91.0740589166]",33.6904010340267,78.24192463098554
2685,"[121.90044469970002, 91.00619705259999]",33.68477982018189,78.2218744473667
2686,"[121.85411086630002, 90.8797538813]",33.68949838620264,79.04986320434287
2687,"[121.87282348940002, 90.77107127760002]",33.67754504210535,79.01991361012668
2688,"[121.88652270620001, 90.69448618180002]",33.65715544452602,78.99935806656853
2689,"[121.85620442630002, 90.60665224620001]",33.67929547140122,78.93428364102839
2690,"[121.87632716230002, 90.50708915740002]",33.66285271246848,78.90984056617158
2691,"[121.8838540982, 90.42004050660002]",33.66762767300484,77.88195506062955
2692,"[121.93866698350001, 90.4490281217]",33.626696193012,77.94389888793401
2693,"[122.01187024949999, 90.39540291000002]",33.53951415001118,77.98719231354475
2694,"[122.03762318920002, 90.3368962046]",33.500184720307864,77.98555371796067
2695,"[122.04136833250003, 90.34625068359999]",33.49475388692298,77.99292603926399
2696,"[122.02928702540002, 90.34037358130001]",33.47873942399286,77.97949217301482
2697,"[122.02190724270002, 90.29853455569999]",33.49168952756242,77.95500344099321
2698,"[122.0077176843, 90.25019739849999]",33.514994347562016,77.92160403466093
2699,"[122.0026289403, 90.2291855645]",33.5166817994153,77.90806832758562
2700,"[122.04242764780001, 90.2143305195]",33.49162324192489,77.93779077103594
2701,"[122.06055110759999, 90.1953857454]",33.47019892387181,77.94616171774919
2702,"[122.08357964279999, 90.17945928849998]",33.44366322484641,77.9602626495142
2703,"[122.09574659730002, 90.18997936609999]",33.43943193825085,77.97574217742742
2704,"[122.1021273404, 90.1845389933]",33.41921110805356,77.97921465374385
2705,"[122.10318069000004, 90.18325861490001]",33.38109732744866,78.55803103975107
2706,"[122.12166021560004, 90.1872610859]",33.3817924440804,78.57650776710413
2707,"[122.13253615220005, 90.2029156129]",33.36442283638596,78.59289353477004
2708,"[122.14202541040005, 90.1919698669]",33.35617626870647,78.59699354242244
2709,"[122.15272107000004, 90.2212781391]",33.35264678885281,78.61887445619597
2710,"[122.14853231070003, 90.20508591629998]",33.376108071602076,78.60835058935457
2711,"[122.1268936812, 90.18121409649999]",33.38701556331662,78.57876538145295
2712,"[122.12873658800001, 90.2013822333]",33.38162930778125,78.58880015707501
2713,"[122.12216834060001, 90.18833531439999]",33.40132772282081,78.57741535687553
2714,"[122.11019951090002, 90.18488863339999]",33.406221682490596,78.56509428239428
2715,"[122.1042515931, 90.17905399630001]",33.40091698800689,78.48844376473686
2716,"[122.0965665588, 90.2021446551]",33.39206631839852,78.49071391925261
2717,"[122.068278719, 90.21472743330001]",33.390518460543305,78.4699007048375
2718,"[122.0975624847, 90.1882898063]",33.39815971047627,78.48604205770407
2719,"[122.0877280002, 90.20759790339999]",33.41437994221574,78.48482359656411
2720,"[122.0770595214, 90.2353797034]",33.413218728017,78.48626682681184
2721,"[122.10903443120002, 90.221122403]",33.45085177896035,78.50977438547756
2722,"[122.09108022900001, 90.20584021199998]",33.451563636664815,78.48718273199566
2723,"[122.09969471570001, 90.19715417009998]",33.46853095871563,78.49156544988546
2724,"[122.09838979690001, 90.18531964879999]",33.47662544501431,78.48560259391057
2725,"[122.12099203719998, 90.19578555859998]",33.465286373041366,78.51050586303522
2726,"[122.11902154719998, 90.1627162761]",33.510849337543796,78.49538489290195
2727,"[122.10573352369997, 90.1298328748]",33.531963386228355,78.46998807796966
2728,"[122.1034670239, 90.07946147100002]",33.551081938940776,78.44766419513518
2729,"[122.12962553759999, 90.03368289019998]",33.533910687662996,78.7322845606067
2730,"[122.14518486969997, 90.01139689850001]",33.55483623002964,79.20057360006142
2731,"[122.15150483209996, 89.96474952999998]",33.58151442872537,79.18612048413206
2732,"[122.15654279319997, 89.89284269569997]",33.570951276040994,79.15964579406676
2733,"[122.1950851515, 89.85766732069999]",33.5792299930056,79.17927840642692
2734,"[122.18831355649999, 89.80103813399997]",33.60309813902445,79.14880463455549
2735,"[122.21478445849999, 89.78595188009996]",33.60712020426091,79.16622280753008
2736,"[122.22726995900001, 89.79436624939997]",33.59190917932219,79.18111235003335
2737,"[122.20286304940002, 89.80631784859997]",33.64696647257842,79.16421078428708
2738,"[122.1859158304, 89.80068863029997]",33.639707551664436,79.14648953986071
2739,"[122.19305363659998, 89.76674470649996]",33.64721281284507,79.13834827991272
2740,"[122.18544651879998, 89.77323560469996]",33.6557679075714,79.13426720319639
2741,"[122.17456073099999, 89.76819780989997]",33.65877610020395,79.1222728949394
2742,"[122.187093357, 89.78801373309997]",33.65504374115987,79.14210448528347
2743,"[122.17209876499999, 89.79989201489998]",33.64681822076707,79.13367222180918
2744,"[122.16515814749997, 89.80215779769998]",33.64740546560182,79.12838032862437
2745,"[122.17068875999998, 89.8041279377]",33.67215382961689,79.13422066755606
2746,"[122.1597706346, 89.78938409719999]",33.66750898268245,79.11802386025857
2747,"[122.1699020722, 89.77370775119998]",33.66552137403267,79.1204336812043
2748,"[122.18562276339999, 89.77474234219999]",33.650326309706735,79.13507370735825
2749,"[122.1867696512, 89.7895291325]",33.6393107378704,79.14246349852064
2750,"[122.20272970909997, 89.75564923209998]",33.66001598710597,79.14232173037239
2751,"[122.19305323569994, 89.7904713964]",33.65984870558882,79.14854211655202
2752,"[122.21479488699995, 89.79315442459998]",33.6363068743464,79.16932685036836
2753,"[122.23669735879994, 89.78835256979997]",33.605436648948924,79.18704208453444
2754,"[122.24540245919997, 89.7933133003]",33.580066792878185,79.19703404027538
2755,"[122.23320125699996, 89.76355335319997]",33.59113263655435,79.17323549372345
2756,"[122.21448537639998, 89.74377983329998]",33.61056059540842,79.14784386771815
2757,"[122.23252925179995, 89.76987853459997]",33.58867253678968,79.17534418733375
2758,"[122.24917610109996, 89.76635148349999]",33.573924612515135,79.18886472422278
2759,"[122.26685854929995, 89.7628898145]",33.57352387682079,79.20335006361277
2760,"[122.29076410869997, 89.74956649170001]",33.547781093405305,79.21922834262669
2761,"[122.30588079259995, 89.7624399157]",33.52639536067387,79.23840545657349
2762,"[122.31358233829997, 89.77640535329999]",33.5246092971731,79.25135331795539
2763,"[122.34860767789998, 89.7990215081]",33.503901816626865,79.2926946079496
2764,"[122.39028490159998, 89.812157076]",33.487520760893,79.33597655315079
2765,"[122.41724004919998, 89.80386709399998]",33.46886178937296,80.29109280376863
2766,"[122.44932444549998, 89.79238835819999]",33.45815467211759,80.31526645246285
2767,"[122.44960563749999, 89.7652829232]",33.4676664569974,80.30401843134929
2768,"[122.4452281772, 89.75836510229999]",33.487085669071796,80.29711978892426
2769,"[122.44902977549998, 89.77485756749998]",33.49433501777291,80.30755927772125
2770,"[122.44950852889997, 89.78377050289997]",33.490034814781026,80.31177518595274
2771,"[122.43838857479997, 89.75975376519996]",33.485387196853715,80.29151513641789
2772,"[122.43959760649997, 89.73301386249997]",33.49123282986411,80.2812700665428
2773,"[122.44005862399996, 89.7208770109]",33.50110806568228,80.27654301813038
2774,"[122.46329824339995, 89.7412390672]",33.49041503014004,80.30622252193716
2775,"[122.47368341479995, 89.74817892530001]",33.49215447059269,80.31857032709931
2776,"[122.45573805059996, 89.7661478448]",33.475952368646425,80.3099386169218
2777,"[122.46755356659995, 89.74722089569997]",33.47365280835026,80.31261245021038
2778,"[122.45259786949995, 89.74675856639999]",33.48964319373849,80.29887155126548
2779,"[122.44830195069997, 89.73431602789998]",33.48412341597284,80.28970556995216
2780,"[122.44193706309996, 89.74955195079998]",33.46085992616332,80.29040135276189
2781,"[122.44457097669994, 89.76113806739998]",33.47161038950675,80.29770092045023
2782,"[122.42802976339995, 89.766734808]",33.47312443449866,80.28509688773096
2783,"[122.42609380739994, 89.76104791139998]",33.480312842620926,80.28093078661198
2784,"[122.43778020809994, 89.75445849819997]",33.46801146821511,80.28871797124806
2785,"[122.43957920469995, 89.74983577079998]",33.48796966547725,80.28838642265029
2786,"[122.38475769319997, 89.77395622399999]",33.473360587290806,80.24898225125257
2787,"[122.40805376009997, 89.79716612359998]",33.48222281508709,80.27993008727071
2788,"[122.42301323349997, 89.78389735799999]",33.495592984966564,80.2878392130821
2789,"[122.42451049409998, 89.79218553459998]",33.52099277688521,80.29271383894726
2790,"[122.41512998289998, 89.79362216009999]",33.49377357814635,80.28483119656704
2791,"[122.41565200169998, 89.79036586999997]",33.49343393792065,80.28392097792258
2792,"[122.3980127284, 89.77430446209998]",33.52958176383243,80.26113099146241
2793,"[122.3994540873, 89.77173085839999]",33.51231288454866,80.26134338110616
2794,"[122.37356566359999, 89.77345335]",33.51487245484991,80.23863592005915
2795,"[122.3939020922, 89.76815710299998]",33.515472339046376,80.25479936293274
2796,"[122.38584583659998, 89.7814910524]",33.52192467535894,80.25316716156608
2797,"[122.36969006639997, 89.77707754459998]",33.52258878491511,80.23666641988815
2798,"[122.37066024539996, 89.77838468299998]",33.50545652377781,80.23809992745464
2799,"[122.37433976679996, 89.77353737419999]",33.52592349649674,80.23937243458805
2800,"[122.36133410259995, 89.74101118259999]",33.48833044251638,80.95963712741488
2801,"[122.36606209439995, 89.76587527809997]",33.4964802479464,80.97464214141986
2802,"[122.37338469879997, 89.7761278768]",33.51365478093584,80.98567622425274
2803,"[122.37892806659997, 89.7908617114]",33.48531933343506,80.99704340469229
2804,"[122.37889264139994, 89.76334242589999]",33.476257179076946,80.9851189994095
2805,"[122.39752784479994, 89.76061122379998]",33.47286569147008,81.00074626184609
2806,"[122.40753077609996, 89.71790763179999]",33.45156583108825,80.3225742985027
2807,"[122.41310214639994, 89.71387158959999]",33.45911536333005,80.32580367415923
2808,"[122.42176429599995, 89.69829981019998]",33.46064050562764,80.32673964144533
2809,"[122.45966680249992, 89.7114126989]",33.457245797513266,80.36654883024501
2810,"[122.48925861939998, 89.6924636519]",33.461940579501274,80.38481051080933
2811,"[122.50197622219999, 89.63428447860001]",33.497283625803924,80.37071352719794
2812,"[122.50526669899999, 89.560231386]",33.47755955450371,80.34123398122617
2813,"[122.5585490923, 89.49936025940002]",33.497431079892614,80.36254020985807
2814,"[122.57399381039997, 89.4275534166]",33.505580470200776,80.34510190506589
2815,"[122.59875333170001, 89.29038553369998]",33.52402216861062,80.30769441849726
2816,"[122.60175934829998, 89.11123518690002]",33.52339797535603,81.07122096418102
2817,"[122.58899605430001, 88.86551338849996]",33.51002755275822,80.95223272043458
2818,"[122.60977243209996, 88.6000109788]",33.52332489542128,80.85545859578713
2819,"[122.60872215379999, 88.36712429050003]",33.469691222271265,80.75380965214192
2820,"[122.61595446529998, 88.14774698850002]",33.44500152914114,80.66598172325935
2821,"[122.65318691289998, 87.90801846860003]",33.46264606078224,80.59710903934923
2822,"[122.6170413786, 87.77030689510002]",33.39286465672471,80.50577037859514
2823,"[122.6266888914, 87.72074207610001]",33.39659521253021,80.49344481556433
2824,"[122.6500071394, 87.61320605660003]",33.392606959491864,80.46896814316453
2825,"[122.64362914579999, 87.54623243560002]",33.39718370030652,80.43485462469393
2826,"[122.6619418504, 87.48870555990003]",33.424392175841504,81.00178330953267
2827,"[122.68528374429998, 87.43862224230003]",33.457137646532196,81.00126429592422
2828,"[122.70892416309998, 87.45116589850002]",33.476767759482236,81.02800212178198
2829,"[122.71255874749997, 87.4499062031]",33.4716899329691,81.03074000607202
2830,"[122.67910428239996, 87.44528763230001]",33.466791562115944,80.99855786063371
2831,"[122.65499864229996, 87.43085856219999]",33.45565107726254,80.97058802480053
2832,"[122.61184101339997, 87.40021665290004]",33.45325887911908,80.91844161831607
2833,"[122.61084780849997, 87.38464367010003]",33.451001641143726,80.91084080739445
2834,"[122.62046605729995, 87.4123083808]",33.441898723820564,80.93143301454556
2835,"[122.56078695819996, 87.43838335530003]",33.43742406076947,80.88881667414518
2836,"[122.54290487429996, 87.40997622680003]",33.45147665345299,80.86043492889935
2837,"[122.53517129149995, 87.41631591900003]",33.444712616010186,80.85618960849494
2838,"[122.56986172379995, 87.43199439]",33.457767914634296,80.89424990573661
2839,"[122.54009767069996, 87.40243126840001]",33.4675712382915,80.85465004956323
2840,"[122.50564698419997, 87.36299059370002]",33.50352465987936,80.80656816467331
2841,"[122.46139936529995, 87.34929224800003]",33.504707093001436,80.7607354785892
2842,"[122.43204006229995, 87.32949690600002]",33.53470319231759,80.36399488567484
2843,"[122.37216992909997, 87.3219025374]",33.58995062990984,80.30691772040588
2844,"[122.33789169449996, 87.29996254360002]",33.6170853093042,80.26647543983874
2845,"[122.30078510249996, 87.1895220524]",33.67318081422938,80.18448044975919
2846,"[122.26701525909998, 87.16417263180003]",33.67459642754172,80.1429983389216
2847,"[122.27888001459998, 87.1035499967]",33.716652853726,80.12698046275092
2848,"[122.24527186789997, 87.09288960560004]",33.73670429248714,80.09210794390748
2849,"[122.20753189499999, 86.97787893879999]",33.78804486618647,80.00768872455815
2850,"[122.15630780679997, 86.95205531819998]",33.80099219758938,79.9503281978196
2851,"[122.06350210369996, 86.83157270379996]",33.85315167431625,79.81410133249278
2852,"[122.06498648639996, 86.6837014688]",33.84959611359643,79.75078627487166
2853,"[122.05389611479997, 86.6011551103]",33.87318439692593,79.70481071305599
2854,"[122.07218578939997, 86.51536260389999]",33.84485490063691,79.68394190800359
2855,"[122.03602897769996, 86.41605703059999]",33.83650713903423,79.60824555515732
2856,"[122.08623040929999, 86.326423525]",33.81129265588902,79.61465244280822
2857,"[122.11031854279996, 86.21708976730001]",33.790913491255274,79.58913348192954
2858,"[122.08673797959995, 86.13167907770003]",33.77273829550147,79.53103639031582
2859,"[122.07781995449997, 86.07215290650001]",33.81503163035303,79.49736472955836
2860,"[122.05091735189997, 86.00085637530003]",33.8130546161566,79.44242753278525
2861,"[122.039552661, 85.95488822200002]",33.79927353723701,79.41242754787929
2862,"[122.06953694260001, 85.9461112785]",33.78740292312462,79.4357468218811
2863,"[122.07794723920001, 85.87453051950003]",33.7760829579311,79.41267285496713
2864,"[122.09251357369996, 85.81389632]",33.801765211699205,79.39990148918085
2865,"[122.12855961569996, 85.80408267569999]",33.788864876746686,79.42829804108108
2866,"[122.10015981929999, 85.8013914406]",33.76555873668154,79.40147051376758
2867,"[122.08190475279997, 85.7179980687]",33.78062456516392,79.34936375139831
2868,"[122.12444142260001, 85.72159979730003]",33.726506122688484,79.38937534957623
2869,"[122.13112652399997, 85.68346498710004]",33.72792003419415,79.37917367449172
2870,"[122.1934114534, 85.69414138040003]",33.68898514038421,79.44007620273406
2871,"[122.21231623019997, 85.67483825800005]",33.65789431989412,79.44896916485436
2872,"[122.22466114339998, 85.64585054590003]",33.6398242127611,79.44781585098895
2873,"[122.28205392169997, 85.62488429120003]",33.65857326134389,79.49086606532583
2874,"[122.2985690646, 85.59217387160002]",33.63443161338503,79.49193982902014
2875,"[122.29089425570001, 85.62325779070002]",33.64704520662489,79.49817973438685
2876,"[122.28673712560001, 85.6337532656]",33.644212545109355,79.4988718696983
2877,"[122.2982041079, 85.62822884730002]",33.6226167159269,79.50690850329526
2878,"[122.2983577856, 85.62758596800002]",33.64195614637038,79.50677473697503
2879,"[122.28051468570004, 85.62132004480003]",33.63469612035951,79.48795925034109
2880,"[122.29642136790002, 85.62734755330003]",33.65196849277592,79.5049202507165
2881,"[122.30750320540002, 85.60778900740003]",33.64060930192302,79.50665425091273
2882,"[122.31185399040001, 85.61327486330003]",33.63423538164517,79.51292155084285
2883,"[122.282936381, 85.61262820400002]",33.65709498476254,79.48646244402272
2884,"[122.25608640679998, 85.60470398170003]",33.61336396116459,79.45878767128032
2885,"[122.2787254286, 85.59149213260001]",33.58429360927719,79.47368074141094
2886,"[122.2723671123, 85.59175287480002]",33.557037087704295,79.46803360944651
2887,"[122.2874871902, 85.58923934500001]",33.57026664318237,79.48065950027701
2888,"[122.2277915186, 85.5683074151]",33.573447881864865,79.41772166115234
2889,"[122.22268694970002, 85.56749666229999]",33.57035914875327,79.41275527471534
2890,"[122.22875723179999, 85.57333988299999]",33.5424877526557,79.4207312326323
2891,"[122.2055454881, 85.55164142869998]",33.541537780604024,79.39050661306428
2892,"[122.23911388580001, 85.56356650289997]",33.533197662527414,79.42596389185995
2893,"[122.25021767780001, 85.55977932609999]",33.54186082986133,79.43441362999184
2894,"[122.26497360020001, 85.55320440049998]",33.54709824186298,79.44499013106604
2895,"[122.28430800050002, 85.52629929509997]",33.547252437134134,79.45110301394739
2896,"[122.27615680880002, 85.51698035259999]",33.58322213730101,79.43977229866579
2897,"[122.25930405200002, 85.49300083179998]",33.57125066325174,79.41435189238054
2898,"[122.25470398620001, 85.43929819869999]",33.58156024964359,79.38746533363549
2899,"[122.26089708730002, 85.40702471569999]",33.60294477035082,79.69926589470376
2900,"[122.26282308390005, 85.3395370523]",33.619139346045905,79.3408855586584
2901,"[122.31141595, 85.3036429847]",33.615029971953994,79.36983018472579
2902,"[122.31831528890001, 85.2254367976]",33.62318198446789,79.34319377241673
2903,"[122.35784934470003, 85.18923299]",33.60966469062757,79.36387047522729
2904,"[122.35828141770006, 85.1474620134]",33.630765529829695,79.34674302727386
2905,"[122.37773338910009, 85.1021148438]",33.64821947866459,79.3454089139391
2906,"[122.42536511380007, 85.0826480302]",33.63150926881085,79.38052510422557
2907,"[122.43819171390007, 85.04303214959998]",33.62595865943093,79.3756191878288
2908,"[122.44866665570005, 84.9796927953]",33.663929267590454,78.77706189322431
2909,"[122.43363899260007, 84.94902508349998]",33.66480755616687,78.13839107203289
2910,"[122.48217860310007, 84.90094260459999]",33.64221223540396,77.48179202066534
2911,"[122.48970388990007, 84.8949415075]",33.64409197398537,77.48588118488671
2912,"[122.46185828190008, 84.90411788769998]",33.64955700671843,77.46498118396325
2913,"[122.45734649960009, 84.88969764389998]",33.61149527461402,77.0272610134392
2914,"[122.45560326440008, 84.91538571309998]",33.59934739084707,77.0373582622196
2915,"[122.45762300050008, 84.92751040949999]",33.602586068217015,77.04465964507348
2916,"[122.47278070320007, 84.90246971709998]",33.627087438649895,77.04680868542751
2917,"[122.47409756290006, 84.91038761329997]",33.6089015995088,77.05157313224261
2918,"[122.48226146030005, 84.89514717049997]",33.60512951757598,77.05193887321634
2919,"[122.51523057110003, 84.90152350269996]",33.598480642918645,77.08421668281419
2920,"[122.52985364110003, 84.89311071499995]",33.597625535959054,77.09343990888428
2921,"[122.52713055810001, 84.88108311369996]",33.609055656131034,77.08556358824713
2922,"[122.49325515930002, 84.85994524989995]",33.5984712887941,77.04578809757612
2923,"[122.47849749760003, 84.87336366799997]",33.59780334207924,77.03871060679808
2924,"[122.48902378550005, 84.83587197019999]",33.601021143096666,77.03111482874844
2925,"[122.48684957970003, 84.82808184159998]",33.57324940829243,77.0256498536117
2926,"[122.46306590080002, 84.79934562499997]",33.576559586781556,76.99143663795286
2927,"[122.46493456730002, 84.79344470569997]",33.57311764791089,76.99043345119969
2928,"[122.48780120650004, 84.79499342209996]",33.58076988972365,77.0115276125127
2929,"[122.48506526280002, 84.81043392769996]",33.57113915607751,77.01607234639161
2930,"[122.4578592361, 84.83174221629999]",33.56711396167995,77.00145764585392
2931,"[122.4580126852, 84.88368104139998]",33.579424262208775,77.02512697571363
2932,"[122.47175612870002, 84.89530040599999]",33.57894494320076,77.0426447009747
2933,"[122.4557039161, 84.88133277399999]",33.577479581908776,77.022004515476
2934,"[122.47229506449999, 84.84881343840001]",33.54879404654231,77.02205928201823
2935,"[122.47116280770003, 84.83826286440001]",33.55319276964118,77.01627181785162
2936,"[122.46982458780002, 84.8494820632]",33.565056324134204,77.02015956803191
2937,"[122.51164567120003, 84.8395019038]",33.5266464256672,77.05292956567443
2938,"[122.5412182742, 84.8533482968]",33.51168535006086,77.08556672960702
2939,"[122.53764014370003, 84.8657177863]",33.52886300590615,77.0879755357049
2940,"[122.54011139470002, 84.88316572279997]",33.53667410783106,77.09807984720665
2941,"[122.53749688760001, 84.87885228689998]",33.518889944833674,77.09379530387285
2942,"[122.56468562139999, 84.88718176609999]",33.54749016315887,77.1218083971709
2943,"[122.6064592311, 84.8865117474]",33.497580796421346,77.15875275942025
2944,"[122.60439518509999, 84.87127673180002]",33.48531647913001,77.15001787824113
2945,"[122.59256943779998, 84.84303990180003]",33.45739374227585,77.12669849016844
2946,"[122.54549910909996, 84.83779953240003]",33.44223765055728,77.08234825118798
2947,"[122.58637377159998, 84.81655730260003]",33.42730299995999,77.10919926041544
2948,"[122.58800376159996, 84.82916507380003]",33.44109935358253,77.11635248708248
2949,"[122.59406220639995, 84.81743012140004]",33.459885444711446,77.11645209020148
2950,"[122.60555250309996, 84.8226533657]",33.44798234982891,77.12906257717212
2951,"[122.60736849049995, 84.80969780720002]",33.4357568910078,77.1248282845529
2952,"[122.61146412819997, 84.82053705200003]",33.45950167606489,77.13337968389091
2953,"[122.57475975229995, 84.82289136240003]",33.477013087247386,77.10170292316081
2954,"[122.57744651159997, 84.83626615690002]",33.47587151448879,77.11014704109398
2955,"[122.57065156389996, 84.84158561060002]",33.47349183532656,77.10649267080156
2956,"[122.57193430859996, 84.86359631540003]",33.50452813140044,77.11759503528856
2957,"[122.57165349399996, 84.89010954860004]",33.49679740128963,77.12934672251004
2958,"[122.57090435629996, 84.89627850970002]",33.52558325773419,77.13147244038232
2959,"[122.57965249129997, 84.89143391120002]",33.5155430163253,77.13707838044411
2960,"[122.56028372069996, 84.89598416050003]",33.51504926278362,77.12187025242204
2961,"[122.59528680289995, 84.86823786540005]",33.494500283811355,77.14052020130634
2962,"[122.60268753349993, 84.88913944350003]",33.507150674796186,77.1565788906973
2963,"[122.59026622359995, 84.88370416550002]",33.48568828454993,77.1430426776128
2964,"[122.59452374359996, 84.89212543860002]",33.479944518577696,77.15065119109757
2965,"[122.62040026429997, 84.86450709290003]",33.51533925324885,77.16122919447278
2966,"[122.63110593489999, 84.87466594760001]",33.48251528125549,77.17537218736128
2967,"[122.60611073070002, 84.88941300169999]",33.48903244317754,77.15975515605882
2968,"[122.60376117010003, 84.8881085403]",33.4881834934375,77.15706961798074
2969,"[122.60401676930003, 84.8981052732]",33.491610232742815,77.16182287243609
2970,"[122.60412983040004, 84.88810591229999]",33.4907377963792,77.1573971621904
2971,"[122.59033442800005, 84.90256094220001]",33.494039638429946,77.15164096533246
2972,"[122.57881699310002, 84.9027623675]",33.51305364933143,77.14146358117728
2973,"[122.60630554160004, 84.88805803329998]",33.5137795773006,77.15931557640504
2974,"[122.58406400900004, 84.8935422624]",33.52125678998026,77.14196640564988
2975,"[122.59981797750004, 84.89775095760002]",33.534740585184494,77.15791864207277
2976,"[122.58557180920006, 84.87489284890002]",33.531592429785874,77.13486845110815
2977,"[122.55975711180007, 84.86125095740003]",33.54265685089022,77.1056748195686
2978,"[122.54928736280006, 84.87102067510001]",33.53408261049287,77.10076151992547
2979,"[122.56480142560004, 84.90655296920002]",33.53230656224792,77.13068536170913
2980,"[122.56634727190004, 84.90860678050001]",33.53403677016723,77.13299391696994
2981,"[122.56834544490005, 84.9162786588]",33.53172196610883,77.13825115443935
2982,"[122.56780793680005, 84.9172597542]",33.531183384197895,77.13821653890969
2983,"[122.60134276460005, 84.9108057404]",33.53763827336006,77.1651895468061
2984,"[122.61791060770005, 84.93198677850002]",33.53272257220465,77.18955424462914
2985,"[122.57413237410006, 84.94194451400003]",33.50203172285165,77.15504198734384
2986,"[122.57862494040008, 84.92551603570001]",33.50444359593514,77.15160047707522
2987,"[122.60293183190007, 84.90851372610001]",33.54235285614526,77.1655683622817
2988,"[122.58619150870005, 84.91877103610001]",33.53499721605857,77.1552896736681
2989,"[122.58550169720007, 84.93495061140001]",33.55764447610876,77.16200610383028
2990,"[122.63643856170007, 84.9508741188]",33.559526618140914,77.21462862648272
2991,"[122.66094466430006, 84.94354511950002]",33.57109207507925,77.23315593699438
2992,"[122.68839059430006, 84.93865603210001]",33.60629381815465,77.25541316087518
2993,"[122.70248366770005, 84.9294083388]",33.61380645538592,77.26379422839467
2994,"[122.72137748340003, 84.85700002969999]",33.61536581522447,77.24790956564918
2995,"[122.76493859940005, 84.80550277430001]",33.666117070262196,77.26354029817477
2996,"[122.78572627140002, 84.6965992701]",33.68498847398275,77.23305918288932
2997,"[122.8290454307, 84.57697276200001]",33.71076404682461,77.21805735584253
2998,"[122.87139737830006, 84.4174073026]",33.693582112849555,77.18456107816392
2999,"[122.86741224900011, 84.2685002317]",33.67566454562706,77.11463914176822
3000,"[122.8786322713, 84.08796662760001]",33.65177906646613,76.17795406121652
3001,"[122.9135443178, 83.88781499480001]",33.63999962570187,76.12212775839133
3002,"[122.9528832963, 83.64753913490001]",33.61620083989756,76.05345323243738
3003,"[122.90828676970001, 83.3347608299]",33.56942789543099,75.87857290463315
3004,"[122.94566994940007, 83.072789584]",33.584131188219224,75.80041714486275
3005,"[122.96947059889999, 82.82300521039998]",33.599015388462746,75.71595147943216
3006,"[122.93617861660003, 82.59045122819998]",33.56743261280873,75.58766615136346
3007,"[122.85369453359999, 82.35143163359999]",33.491140879981465,75.4125091908261
3008,"[122.86922669580002, 82.15638781090001]",33.45245511839928,75.34522041733634
3009,"[122.89410317250005, 82.02970074730001]",33.45703556313892,75.31521023414784
3010,"[122.96195822060001, 81.91194406689999]",33.490819827958404,75.32823797959725
3011,"[122.97948020740003, 81.90234721]",33.52208140567926,75.34023222122144
3012,"[123.05614183980002, 81.8766799782]",33.58076144553462,75.39947544659206
3013,"[123.05237367210003, 81.8277892842]",33.597647303373016,75.37589979107572
3014,"[123.0879588312, 81.76706182890003]",33.58774976584636,75.38335846571623
3015,"[123.14298918900002, 81.79398066499999]",33.63880942546609,75.4445894907512
3016,"[123.16804738679998, 81.7717868002]",33.63227933345374,75.45832127293811
3017,"[123.17069770639999, 81.75459250690001]",33.61171317158139,75.45368102668739
3018,"[123.1759289378, 81.75406336120001]",33.61255139621439,75.45823450629597
3019,"[123.18004191509999, 81.77330755140002]",33.609205383357,75.46988284091917
3020,"[123.17944145589999, 81.80333432190002]",33.61232381881035,75.48166600135345
3021,"[123.17640515289999, 81.80801753920002]",33.61037449526693,75.48082192806811
3022,"[123.1522765479, 81.81900174930004]",33.61245088149781,74.69236196892508
3023,"[123.14906067609999, 81.79027597850002]",33.63166084459618,74.67783606265553
3024,"[123.1276973327, 81.78469364480003]",33.64733173228224,74.65603502339154
3025,"[123.11182460659998, 81.77902576000002]",33.66479496549047,74.63922431429081
3026,"[123.0555569883, 81.74509981510003]",33.70328959854522,74.57405528177408
3027,"[123.0690444703, 81.73558726810005]",33.69641908158352,74.5825663290924
3028,"[123.02368473599999, 81.70348661890003]",33.70720924294525,74.52811909547935
3029,"[122.98912866750001, 81.67839032240002]",33.73515778873019,74.48638288213824
3030,"[122.9628636963, 81.66030146300002]",33.75106359352563,74.45505815877353
3031,"[122.93031631319998, 81.59490859990004]",33.792923182217166,74.39895584638278
3032,"[122.8885896124, 81.53117897240003]",33.82379298647618,74.3351433199148
3033,"[122.83298559910003, 81.472338558]",33.869028435753705,74.26060193708415
3034,"[122.81479814599999, 81.41949188030003]",33.88757600415986,74.22275802203873
3035,"[122.79370027509997, 81.33927460950002]",33.931142066650665,74.1713239475486
3036,"[122.77278983269998, 81.2800281122]",33.96591227690244,74.12848748433554
3037,"[122.71759410579995, 81.17174293389999]",34.01654311127244,74.0346950839026
3038,"[122.649943348, 81.02859016260001]",34.08518859792262,73.91570679664792
3039,"[122.58250295329998, 80.88636711110001]",34.110759091316915,73.79742738882925
3040,"[122.5220014142, 80.71372202730001]",34.15607340956429,73.67368069286218
3041,"[122.45369655239998, 80.52482792720001]",34.20773015911497,74.49744247725275
3042,"[122.42228839779996, 80.42695448670001]",34.226552048441675,74.42992101938667
3043,"[122.42183089199996, 80.3467418232]",34.231430278990665,74.39788431989055
3044,"[122.40218527399999, 80.24983815249999]",34.2410762295119,74.34171874905606
3045,"[122.40509564649997, 80.153422593]",34.21379650722255,74.30658771187537
3046,"[122.42528894169996, 80.1417141901]",34.22764815472855,74.32058596353467
3047,"[122.45288028049998, 80.02830532620001]",34.1885349023371,74.30168314574776
3048,"[122.49278499379994, 79.90327015829999]",34.15675225779673,74.28978990879025
3049,"[122.53199186599998, 79.8058229366]",34.14155958614116,74.28815533321657
3050,"[122.54729204229997, 79.6948489815]",34.13542710209766,74.25939516647136
3051,"[122.64701394219998, 79.6369925719]",34.07774389483767,74.32914685601038
3052,"[122.6537867631, 79.57355601019998]",34.06623883972453,74.31103175282341
3053,"[122.65358280769999, 79.5231629688]",34.0803522679102,74.29151929035444
3054,"[122.63085394909996, 79.47527532509999]",34.059107358878485,74.91906728187949
3055,"[122.62135146320001, 79.43689602999999]",34.04773060463098,74.89592510284196
3056,"[122.6390518471, 79.42149950549998]",34.06112558452165,74.90660603920885
3057,"[122.64215083189997, 79.41338143289997]",34.06782902997767,74.90645541004935
3058,"[122.67267049829998, 79.37129197459998]",34.028933420733,74.91910509922121
3059,"[122.69181550840001, 79.32729841059997]",34.01827131325745,74.92052071842905
3060,"[122.71661883799996, 79.27383410529997]",33.98349498940655,74.92370972737746
3061,"[122.76001885699998, 79.26460345839998]",33.97817130625718,74.96059784827108
3062,"[122.77866058789999, 79.26949755349996]",33.964885291992324,75.7682531482057
3063,"[122.82832270659998, 79.27389624539997]",33.91933530184764,75.81589462338671
3064,"[122.83924315369997, 79.29178199809996]",33.877201534187826,75.83276436164599
3065,"[122.84413172799998, 79.28725592709996]",33.87809669528568,75.83557974687368
3066,"[122.83781350689998, 79.28353854079997]",33.85236921341201,75.8283252443534
3067,"[122.8580553884, 79.30241475409996]",33.84781427566622,75.85420000584672
3068,"[122.8593879083, 79.31691253699995]",33.827866601695014,75.86091510892616
3069,"[122.87110520919998, 79.33497336609994]",33.83246091232736,75.87859331071809
3070,"[122.86572437919999, 79.31385424799996]",33.85991908916276,75.86562463029108
3071,"[122.84504331509999, 79.29260557769996]",33.880162884100685,75.83844554093601
3072,"[122.84504331509999, 79.29260557769996]",33.880162884100685,75.83844554093601
3073,"[122.82588523019999, 79.28517202589995]",33.866874490655654,75.81789898248698
3074,"[122.8245381096, 79.29233435099995]",33.87652411824773,75.81935925095249
3075,"[122.86612999049997, 79.27355309029996]",33.913717149899504,75.85077122118557
3076,"[122.88760689169997, 79.28471805419997]",33.91076484544155,75.87487420517299
3077,"[122.91040248039997, 79.28399097389996]",33.888967128253114,75.8957074581039
3078,"[122.92498232389998, 79.27041283299995]",33.8893002715333,75.90408369000525
3079,"[122.9103236971, 79.24741613729996]",33.89810636217253,76.4101369244089
3080,"[122.90679744759998, 79.26026016579998]",33.87712929196286,76.4118637298487
3081,"[122.89956175869999, 79.25173622999996]",33.88711798946566,76.40188988637519
3082,"[122.88654402639999, 79.22926865219998]",33.87272318263239,76.3811837581777
3083,"[122.89730809999998, 79.25396646139998]",33.85803883493373,76.40067674495309
3084,"[122.91247929709996, 79.26388531149998]",33.85540019986869,76.41850654774142
3085,"[122.92756083019998, 79.23169834619999]",33.86775856367686,76.41994065191027
3086,"[122.9167511674, 79.23550921479998]",33.84945385277216,76.41145013611995
3087,"[122.93974701939999, 79.26780443469997]",33.8541551274831,76.44516185039808
3088,"[122.96454822379998, 79.22615884799997]",33.88911887518461,76.45190046891669
3089,"[122.99983084639999, 79.20248527699997]",33.87155047504475,76.47528178040837
3090,"[123.02131338329998, 79.16664916539996]",33.86539359379283,76.48125377205155
3091,"[123.05865648859998, 79.13743144759998]",33.82894529896957,75.95659615269702
3092,"[123.08514754819994, 79.11471207329996]",33.80211695755772,75.32572195691714
3093,"[123.10543868099998, 79.06440952579997]",33.76877832199846,74.71596597628526
3094,"[123.1476807988, 79.03338463489997]",33.75794314268466,73.91162516661232
3095,"[123.23065014279997, 78.98792301659999]",33.711545518544156,73.26052948163958
3096,"[123.26368834689993, 78.93983690830001]",33.70679236195712,72.5818598865134
3097,"[123.30016156509993, 78.9064635523]",33.67359499235458,72.60015729321476
3098,"[123.30892608939996, 78.9093139486]",33.632321948942774,72.609288738112
3099,"[123.33137594979995, 78.91405316069999]",33.60024936831757,72.63156366851689
3100,"[123.32085715269996, 78.90106189149999]",33.61619780012116,72.61644013208749
3101,"[123.33311207579995, 78.91354692279998]",33.61004040981909,72.63290651526376
3102,"[123.31650266839993, 78.91884676979997]",33.58339973750935,72.62025920987422
3103,"[123.30639714209998, 78.8986920777]",33.566636861324966,72.6023894634305
3104,"[123.29093512559997, 78.86283519080001]",33.574014522312,72.57287034540848
3105,"[123.25248417059994, 78.8360188719]",33.594227290421635,72.52658484303745
3106,"[123.2647550159, 78.86318278089998]",33.61539212611367,72.54944655914103
3107,"[123.26939922659999, 78.85595878839997]",33.596976963362174,72.17080241528724
3108,"[123.23646092029999, 78.85425697999999]",33.611605570323306,72.14024126095003
3109,"[123.23632383530001, 78.83031834019997]",33.58808578432403,72.1299835057732
3110,"[123.23398792169999, 78.84158741879997]",33.57404263555633,72.13263675522602
3111,"[123.22543290269999, 78.84676541539997]",33.56638353279441,72.1270784937564
3112,"[123.21838044809999, 78.85385504759998]",33.56050052769086,72.12369197699388
3113,"[123.2191645599, 78.85866857019998]",33.57949366778194,72.12644112375536
3114,"[123.22245859729999, 78.8582855709]",33.577072114612584,72.12926282352986
3115,"[123.2107400379, 78.85358753889999]",33.55967368072732,72.11665746781898
3116,"[123.19436982279998, 78.821127932]",33.55953724813548,72.0880826550449
3117,"[123.18582592119998, 78.8031036763]",33.567168112546284,72.07271347192331
3118,"[123.2251983899, 78.81921412439999]",33.5202081948311,72.11520447277118
3119,"[123.22343107919997, 78.81893658860001]",33.5065317527506,72.11348572482063
3120,"[123.26174557699994, 78.82173311090001]",33.48513148425066,72.14938608778473
3121,"[123.30475359719996, 78.82166232560002]",33.426489009442285,72.18833040033205
3122,"[123.36993319079993, 78.87902523870001]",33.36130755706259,72.2716525563632
3123,"[123.39187539219992, 78.92216415060001]",33.32907646490912,72.3097896781102
3124,"[123.36443741369995, 78.9397515071]",33.26209093100404,72.29238405045277
3125,"[123.43763085739997, 78.9374999203]",33.20685880243774,72.3577349114272
3126,"[123.46720214669995, 78.9014640877]",33.19451038924057,72.3692849550946
3127,"[123.48156241589996, 78.86791296839998]",33.13614499078884,72.36812387783812
3128,"[123.53128325459994, 78.79349973089998]",33.09831780430848,72.38182248195699
3129,"[123.57172512419999, 78.76447436499998]",33.06153837085694,72.40628959655503
3130,"[123.5932955235, 78.76801968599999]",33.0699717850052,72.42735031056421
3131,"[123.57755155700002, 78.78134024309999]",33.05168222442437,72.41867129597411
3132,"[123.59283769050003, 78.76693960610001]",33.090440354187386,72.42648068297692
3133,"[123.5763164552, 78.8099255253]",33.11462348009076,72.42958481651497
3134,"[123.5704041124, 78.780279439]",33.12390966021301,72.41174114287026
3135,"[123.54590309140002, 78.7617589313]",33.15803369746585,72.38172152967589
3136,"[123.53425882610001, 78.7122525661]",33.14106895291471,72.35033898490374
3137,"[123.55597482360001, 78.6799599642]",33.127939820135126,72.35648319174581
3138,"[123.55690637750004, 78.6910000385]",33.14163942433367,72.36196368770531
3139,"[123.54776426980001, 78.68230171069999]",33.12915700844688,72.35001428480453
3140,"[123.54151605190002, 78.67037189279999]",33.14014826953425,72.3393352171024
3141,"[123.5092406951, 78.66835768920001]",33.12760199561824,72.30919620814197
3142,"[123.49015674250002, 78.66986990980001]",33.14430988793089,72.29251165904495
3143,"[123.50435317920001, 78.70447138960003]",33.163595387889686,72.31993256547501
3144,"[123.48736918950003, 78.70659953110003]",33.166431976095076,72.30541683525647
3145,"[123.48181351270001, 78.68376677710003]",33.16415108330541,72.29077858566917
3146,"[123.48845398579999, 78.69703216330002]",33.14224279401174,72.7066569365993
3147,"[123.47297823779999, 78.68891648380003]",33.10936181807032,72.68919398181274
3148,"[123.4658198067, 78.68687950450004]",33.102346057555685,72.68185764262151
3149,"[123.47504149060002, 78.67219864130004]",33.07020202847366,72.6838391946132
3150,"[123.4762871936, 78.68245100420003]",33.0706997162184,72.6893876871501
3151,"[123.47038659939999, 78.68292023030004]",33.061734551491135,72.68426767852942
3152,"[123.47725839239997, 78.70389743040005]",33.051165025182854,72.69952335906413
3153,"[123.4735376262, 78.68144807980006]",33.05890692976772,72.68647454935333
3154,"[123.46950720569997, 78.67838993880005]",33.03888554608764,72.68151891166488
3155,"[123.47671845189998, 78.69489884760004]",33.02939537613327,72.69515053178611
3156,"[123.48686193510001, 78.70406904760006]",33.03044888433152,72.70825934179159
3157,"[123.49943181099998, 78.70792023120006]",33.02963259650343,72.72125989677428
3158,"[123.49570692549997, 78.72259199800006]",33.0438554437374,72.72423697025312
3159,"[123.4908336935, 78.72246125480005]",33.01911202535615,72.7197854449707
3160,"[123.51138945329998, 78.70775157880003]",33.01899234712321,71.97760673455856
3161,"[123.5269642001, 78.68763275250005]",33.0141986918149,71.98274759076683
3162,"[123.5135022099, 78.68078426440005]",33.03134511288458,71.96764552410606
3163,"[123.5204753395, 78.67224018160003]",33.0252449236503,71.97472932539023
3164,"[123.54220287189999, 78.67516859830003]",33.02201570395616,71.99543555741454
3165,"[123.52652308500001, 78.67773892560002]",33.00118388735332,71.98260922322123
3166,"[123.5187343657, 78.62261079260003]",33.03385996451667,72.93533968345264
3167,"[123.50388911920002, 78.64396876970004]",33.020288932808356,72.93179932616553
3168,"[123.4989191293, 78.64179003940004]",33.013854539526406,72.92638185059766
3169,"[123.52559222, 78.59759990700002]",32.978684735765576,72.93011361125859
3170,"[123.5308886781, 78.60243159160004]",32.9947538358233,72.9370246553557
3171,"[123.55548961459995, 78.60007336320001]",33.01022295243362,72.95788632546912
3172,"[123.55606066709996, 78.56044894960003]",33.03684343774789,72.9404519807981
3173,"[123.59592982729995, 78.52225803800003]",33.03323682311143,72.95873597958794
3174,"[123.5974928669, 78.47571581500003]",33.04136893358763,72.93910609108059
3175,"[123.62721647739995, 78.41909065580002]",33.07458231944242,72.94009164355447
3176,"[123.63668511279994, 78.29000989920002]",33.08507179978236,72.89046718893029
3177,"[123.70658855259995, 78.22645219479998]",33.123006239896135,72.92442213889181
3178,"[123.69265642739997, 78.17471720989998]",33.11993561661028,72.88879373690817
3179,"[123.719701929, 78.04485332409998]",33.09183852270546,72.85495727557881
3180,"[123.76275605269998, 77.84624535840003]",33.12921734664616,72.8051626941569
3181,"[123.7569962027, 77.69291875190001]",33.094505187394624,72.73210192821219
3182,"[123.79726061299999, 77.4154748906]",33.12724839244618,72.64608176040676
3183,"[123.8726254655, 77.1626661115]",33.16545834405536,72.60336784936459
3184,"[123.9222666113, 76.85557181009999]",33.14803254367957,72.51493690067163
3185,"[123.95051743029998, 76.53255078780002]",33.19907244977473,72.40158525733396
3186,"[123.9359188196, 76.23256575010001]",33.172613953461315,72.2604886306053
3187,"[123.92827233739999, 75.9299887149]",33.14666661373924,72.12557974885033
3188,"[123.92145302409999, 75.64642955980001]",33.142861234267215,72.0003906114851
3189,"[123.9005263889, 75.409228151]",33.10347138420026,71.88251351041838
3190,"[123.8560526059, 75.1952177475]",33.05770151376667,71.75336615299346
3191,"[123.86539159489996, 74.96413280990001]",33.056019255116624,71.66670435744281
3192,"[123.92048730099998, 74.79818914500001]",33.102479975234345,71.64903803406199
3193,"[123.99687820269999, 74.6602194082]",33.146952486363425,71.66261564038574
3194,"[124.08202412550001, 74.59815457450001]",33.21256087679558,71.71526125980071
3195,"[124.10899690010001, 74.5325461376]",33.21667959661585,71.7133784900668
3196,"[124.13727042739998, 74.5081546391]",33.232646556965165,71.7293883530898
3197,"[124.15049702840001, 74.44442673550002]",33.233540903964645,71.71578570384627
3198,"[124.10594444550001, 74.4288875396]",33.23975511803497,71.66874880883655
3199,"[124.07949430900003, 74.43855706130002]",33.23539749025962,71.64844122760584
3200,"[124.0757508072, 74.43557775650001]",33.245827015068166,71.64381418700458
3201,"[124.05618399700002, 74.40717181960002]",33.210936446441714,71.61445661353166
3202,"[124.0656255492, 74.40286276820001]",33.21637801973498,71.62136133029874
3203,"[124.05480489590003, 74.3707249592]",33.21764066254828,72.48048112325188
3204,"[124.04193595060003, 74.3766219835]",33.2176010192073,72.47114539901196
3205,"[124.05197997270002, 74.36596148440002]",33.223165180659365,72.47595660273358
3206,"[123.99999446590006, 74.33670778070001]",33.25501273000794,72.41655629844578
3207,"[123.97761601370003, 74.31066149350004]",33.25358710696192,72.38549240344452
3208,"[123.95968847830001, 74.29447513950002]",33.274866289633025,72.3625189941688
3209,"[123.93773007020002, 74.25381779990002]",33.290834142405565,72.32588307637704
3210,"[123.89970406950005, 74.22109823070002]",33.32365466078897,72.27782061659825
3211,"[123.85789683650005, 74.17827137130001]",33.321772082238574,72.2221899835062
3212,"[123.79831955010006, 74.11870300380001]",33.40338860296415,72.14352033764803
3213,"[123.73431604710005, 74.0612459184]",33.47690823913696,72.06167803284157
3214,"[123.66132803690003, 73.97660870520001]",33.548645490822395,71.96059549341444
3215,"[123.65080483620001, 73.91073764900003]",33.52026430889084,71.92425406724803
3216,"[123.58233572390002, 73.7471197099]",33.583738702135136,71.79544537489419
3217,"[123.50570986650001, 73.6492651311]",33.626822206128516,71.68585590032
3218,"[123.48876188970002, 73.52736382479999]",33.638261943219504,71.62129167207492
3219,"[123.44861429090001, 73.4471837646]",33.67350287335711,71.55234061587944
3220,"[123.41144163459998, 73.3073841588]",33.698342177687074,71.46232234987762
3221,"[123.4018087275, 73.17999656890001]",33.68662234412575,71.40268831222936
3222,"[123.38684949280001, 73.0449426972]",33.734831992585036,71.33530335666232
3223,"[123.35576635959997, 72.93223395550002]",33.73289659828345,71.26213305061425
3224,"[123.3283598061, 72.85671224130002]",33.74810611969222,71.20712471679845
3225,"[123.33385789639995, 72.70818834760003]",33.724583629795696,71.15370231008934
3226,"[123.36947066730004, 72.54893044580002]",33.64894137246651,71.12407340122805
3227,"[123.44152541350002, 72.44717555960004]",33.58977919717316,71.15074367872961
3228,"[123.44404859540002, 72.31547327450006]",33.52939891066247,71.10191865070367
3229,"[123.45307404880003, 72.17743321760003]",33.52106336970367,71.05685676817815
3230,"[123.44973483089998, 72.08141927200003]",33.52898018286087,71.0167792652676
3231,"[123.45422597010003, 72.02249727360002]",33.473587659945494,70.99827642707093
3232,"[123.49483108160001, 71.92462259800001]",33.42874916161183,70.9982609741956
3233,"[123.53815806350003, 71.85892345350003]",33.415079683113326,71.01319317320365
3234,"[123.54801532470006, 71.77314034990005]",33.40632393626565,70.98961472252695
3235,"[123.57334746659998, 71.64979670980001]",33.40021266561107,70.96620923900447
3236,"[123.5528127614, 71.58930778310001]",33.42457855449955,70.92430041737126
3237,"[123.58055556540003, 71.54937376470001]",33.40223485587842,70.93488946618584
3238,"[123.61624886150003, 71.4890672779]",33.32556362892604,70.94519523476768
3239,"[123.65868495940005, 71.51247283450002]",33.30576780081307,70.99332295687631
3240,"[123.69637237080003, 71.4481120564]",33.26496313834968,71.00401456291101
3241,"[123.72916504770002, 71.4503920567]",33.232298518490154,71.03525998628847
3242,"[123.771824639, 71.48864475859997]",33.190184778468634,71.0891700466334
3243,"[123.82156511170004, 71.46432121289999]",33.12443644786416,71.12612583325662
3244,"[123.85024212560003, 71.4523769366]",33.08902413935263,71.1482229492511
3245,"[123.89945876620003, 71.4456345668]",33.042909289831975,71.19131853955923
3246,"[123.91567280900003, 71.46206772000001]",33.04049713729939,71.21251118738415
3247,"[123.9082673331, 71.42043678910001]",33.07714763265079,72.1888150321369
3248,"[123.93194437960001, 71.43466777559999]",33.090969703195796,72.21610179369195
3249,"[123.9516377342, 71.41435214609999]",33.08832378070558,72.22673796911455
3250,"[123.9691080986, 71.41777108549998]",33.079873450873805,72.24421600721206
3251,"[123.96853638710003, 71.42900507469997]",33.0969720596653,72.2478978036575
3252,"[123.97322537030003, 71.41757594529999]",33.091487711434,72.07054316549197
3253,"[123.95503489150002, 71.41815279279999]",33.10937846831906,72.05399730673349
3254,"[123.97974567730002, 71.41937680059999]",33.11273555072092,72.07725193668607
3255,"[124.00276925800003, 71.4101983229]",33.10152343632626,71.43016805703444
3256,"[124.00314630450004, 71.39042051809999]",33.078310113071254,70.42915808666964
3257,"[124.00710212270005, 71.40569413990002]",33.08810166023923,70.43882736786371
3258,"[124.01566634820007, 71.3943115412]",33.076316445737575,70.44219687616267
3259,"[124.00892146870005, 71.4144241045]",33.08933489339088,70.44394933629452
3260,"[123.99952989160003, 71.4008150744]",33.095242302796954,70.42994330829495
3261,"[124.00538711250005, 71.37800336159998]",33.08090997011559,70.42631202261575
3262,"[124.02161886850007, 71.3234573691]",33.0813792896055,70.41970635380028
3263,"[124.04044812050006, 71.27572933539999]",33.10772150900914,70.41821669494587
3264,"[124.04219066910005, 71.22388410169997]",33.140346793255816,70.39943398033002
3265,"[124.03180132420005, 71.19712080899998]",33.18071053157835,70.37936845429303
3266,"[124.06168258770003, 71.1727632395]",33.195617532321336,70.39729588318926
3267,"[124.11625605390003, 71.10882500579999]",33.15668626361669,69.8358143628751
3268,"[124.16579149950006, 71.06801303089998]",33.13191712190736,69.21989567374253
3269,"[124.22781661200004, 71.00724749439998]",33.09299166904654,68.41145097577132
3270,"[124.25930053380003, 70.99669634139998]",33.071722941617594,68.43566798011136
3271,"[124.25275666390003, 70.98461194959998]",33.08556489011175,68.42468321660874
3272,"[124.25815637200004, 71.00175530089999]",33.072237507096254,68.43673677605258
3273,"[124.25124727940002, 71.00887815]",33.08051431069098,68.4334266970567
3274,"[124.23874365170006, 70.99560992949999]",33.08521712267357,68.41652952563754
3275,"[124.22789343000004, 70.99281017079998]",33.09393953527462,68.40550003084137
3276,"[124.24164769440003, 71.00673863629999]",33.0808000555054,68.42380943705213
3277,"[124.22798016600004, 70.99174468929999]",33.05337404261069,68.40513463328074
3278,"[124.24029369070004, 70.9448212171]",33.05208857204393,68.39677991778495
3279,"[124.23998063050001, 70.95439851499998]",33.059074823500225,68.40048279606322
3280,"[124.2460984069, 70.9674107796]",33.05083934721862,68.41146399766662
3281,"[124.25386561950005, 70.97809305679998]",33.065074962682004,68.42297515610285
3282,"[124.28609496400003, 70.97932710699999]",33.030677380368786,68.45278948487726
3283,"[124.31021305710004, 71.02210664369998]",32.999122869691995,68.49253844030332
3284,"[124.30736268120003, 71.05300131119999]",33.01908505028243,68.50283183614769
3285,"[124.33528027070005, 71.0611815109]",32.98994783911583,68.37202701992805
3286,"[124.34615072530003, 71.06287685219999]",32.99249841562867,68.3825694351777
3287,"[124.37527836210002, 71.05987464]",32.974278968707566,68.40757420926572
3288,"[124.40379535320004, 71.0857337339]",32.952959684627174,68.44444037100916
3289,"[124.42177178290004, 71.10695156270002]",32.947748705506925,68.46979636742077
3290,"[124.3887939945, 71.11675620190002]",32.943811971774664,68.94322185553203
3291,"[124.37176889820005, 71.12154342280002]",32.92638677737953,68.93006630907111
3292,"[124.38151697530006, 71.15563292100002]",32.94915911229645,68.95388589344955
3293,"[124.41413222240006, 71.1515914144]",32.95474092383762,69.3422734046624
3294,"[124.43747406430008, 71.13731519900001]",32.94725788674497,69.3565867897366
3295,"[124.42667008730007, 71.16404469020003]",32.96765434404436,69.35910022522101
3296,"[124.42534432640002, 71.17084800650002]",32.96742029183869,69.36101044436955
3297,"[124.39680956600003, 71.17871823040002]",32.96801888466941,69.3391711424984
3298,"[124.39113366860006, 71.1756306399]",32.97155035882686,69.3327120133711
3299,"[124.39555578540006, 71.12877844900002]",32.967511104215916,69.26815656888867
3300,"[124.41693039590005, 71.1311641776]",32.94677999844501,69.28817268467839
3301,"[124.41438884480003, 71.12444666020001]",32.956007514677275,69.28278945215331
3302,"[124.39375966020003, 71.09511864070001]",32.955191154162314,69.25085846928471
3303,"[124.36838322900005, 71.10040750549999]",32.9229894378814,69.23088230022906
3304,"[124.36614667970004, 71.10213315829998]",32.92444246375603,69.22970979563729
3305,"[124.38211674880003, 71.09849153809999]",32.93809961127452,69.2421343392728
3306,"[124.38964279480004, 71.10244878649999]",32.93718975534655,69.25063734109624
3307,"[124.37394189490004, 71.1148088481]",32.93494511055999,69.24252081352822
3308,"[124.36601567990003, 71.12104181749999]",32.9425523722952,69.23842208108374
3309,"[124.36757991790004, 71.11394206979999]",32.94247347745157,69.23649012060174
3310,"[124.38086808350003, 71.12302665089999]",32.913983703381035,69.2524825963239
3311,"[124.37863816060003, 71.11614292899999]",32.93324730823148,69.24729669010564
3312,"[124.3866306696, 71.1070237136]",32.934853896626116,69.25010832914286
3313,"[124.38683288040002, 71.123544579]",32.93724986638626,69.2579991231737
3314,"[124.3924825271, 71.0987791142]",32.93292181813525,69.25143667344109
3315,"[124.3784144831, 71.11641747979999]",32.920260139943714,69.2472270625874
3316,"[124.38359362280002, 71.10089094569999]",32.91132942749075,69.24456023004662
3317,"[124.36774736139999, 71.08942772239999]",32.91743397263753,69.22519584699165
3318,"[124.346884254, 71.09460001860002]",32.94239133857063,70.2027287877316
3319,"[124.33955298279997, 71.0882987038]",32.914607569176006,70.19330036838369
3320,"[124.35192086879997, 71.09723572420002]",32.908374038446006,70.20841328999666
3321,"[124.36835291589996, 71.09309429420001]",32.921545309338974,70.2209943908502
3322,"[124.39161048369996, 71.11014095340002]",32.91389326292753,70.24952619005946
3323,"[124.40952950039997, 71.12727811710002]",32.89822344914422,70.27338340413161
3324,"[124.40246857789994, 71.14191172440002]",32.909129464094896,70.2739981981698
3325,"[124.37732510619995, 71.12683312330002]",32.921632472595604,70.24472065636749
3326,"[124.36299130219997, 71.1191989927]",32.907422208078714,70.22848067627567
3327,"[124.38221955439998, 71.1302561073]",32.8859472870347,70.2506483285241
3328,"[124.39867712299996, 71.1113152654]",32.870906103476884,70.2563204081172
3329,"[124.42100388539997, 71.1256696051]",32.875801031065286,70.28276937872528
3330,"[124.43610643489997, 71.1367619809]",32.89524592994865,70.30130768093994
3331,"[124.44381494199997, 71.1192238432]",32.90259080009958,70.29991066721652
3332,"[124.43813094099998, 71.13203832930002]",32.91421649109305,70.30088524295955
3333,"[124.45004995249998, 71.14713440250001]",32.93443811992093,70.31848485805634
3334,"[124.46945755459997, 71.13176880670001]",32.94039681009168,70.32844288029318
3335,"[124.478755519, 71.14886696830001]",32.93022491007527,70.3446617010412
3336,"[124.4836471804, 71.15272668829999]",32.94251854873757,70.35079104567015
3337,"[124.45457325880001, 71.14709530499998]",32.93640020663864,70.32246343793652
3338,"[124.4822957617, 71.14362298529998]",32.929712830003176,70.34533592733733
3339,"[124.50495585890002, 71.1257173213]",32.93172208633415,70.35698674261752
3340,"[124.50664569870001, 71.1012532547]",32.958556109648775,70.34704318804357
3341,"[124.54774642800001, 71.0608935321]",32.98807433977286,70.36453692770972
3342,"[124.56964468230001, 70.99921960190001]",32.98480571719645,70.35515173186108
3343,"[124.5851039735, 70.92247732879997]",32.97246489782779,70.33311901318808
3344,"[124.58592164420001, 70.80693373119999]",32.96661602619856,70.28019871642856
3345,"[124.64426302670003, 70.6978174545]",32.997011696062266,70.28140991225763
3346,"[124.67003648910004, 70.56575619819996]",32.971477723934214,70.24336367663327
3347,"[124.74035101470001, 70.44190791239998]",32.982485460326096,69.3909365124041
3348,"[124.75747675740001, 70.24253608579998]",32.947918389013545,69.31632623498824
3349,"[124.79056301510002, 69.9957904172]",32.94937164407085,69.6997300960787
3350,"[124.80362900170002, 69.70325702539998]",32.91687909428157,69.57786316386972
3351,"[124.83231651419999, 69.42940736289997]",32.934880695231534,69.47938883670656
3352,"[124.85286581090004, 69.16637072969999]",32.93709648872471,69.37943750449213
3353,"[124.87998299380006, 68.86776310639999]",32.943287977558086,69.27040663814348
3354,"[124.8482240527, 68.59901054089998]",32.9047009026371,69.1228461687603
3355,"[124.79435998710005, 68.26143398879995]",32.85487712027343,68.92599441628684
3356,"[124.75299611130002, 67.93581112559997]",32.81925725757077,68.74673088458502
3357,"[124.77837953640002, 67.67757478109998]",32.832033683368465,68.65784347843277
3358,"[124.77227022040002, 67.4524641084]",32.84261947787618,68.55555221206791
3359,"[124.78975051290001, 67.26548827760001]",32.849178857571765,68.49143884965396
3360,"[124.82484552689998, 67.07397496969999]",32.87583897639357,68.44181194455344
3361,"[124.88125716000005, 66.9000952902]",32.90407678468378,68.41946495812071
3362,"[124.8981320483, 66.86283652249998]",32.910828875644725,68.41908159212674
3363,"[124.98183155580006, 66.78517544549999]",32.985591323557,68.4624096842033
3364,"[125.00893117830003, 66.72180672299999]",32.97394674929531,68.46046734902079
3365,"[124.98096973900002, 66.71057510319999]",32.951453363293965,68.43037188797703
3366,"[125.00192352560002, 66.76093122159996]",32.95311981398744,69.41588371838006
3367,"[125.03274434020003, 66.74341359179998]",32.983466001853216,69.43639784732157
3368,"[125.02961474010003, 66.75386936549998]",32.98923016693059,69.43798474016661
3369,"[125.0541667171, 66.75658212259997]",32.99077233809459,69.46137940334125
3370,"[125.05346059550001, 66.76311231429997]",32.99185648842354,69.46350184488968
3371,"[125.04636565300001, 66.74041641879998]",32.98227619849705,69.44747395502303
3372,"[125.0366933027, 66.74295524519998]",32.97330203772456,69.43978244698057
3373,"[125.05252289570001, 66.75940456599997]",32.97624281802263,69.46108371645079
3374,"[125.0720026131, 66.76208502989998]",32.99467391993446,69.47986892603252
3375,"[125.07831669900001, 66.76668059459999]",33.00633026115704,69.48753412676955
3376,"[125.04498688, 66.75371800789999]",33.03680737905881,69.45184971597304
3377,"[125.043600669, 66.72727076339999]",33.04064090352128,69.43941096194683
3378,"[125.00928347010002, 66.71819761759997]",33.07364538609752,70.40444442819235
3379,"[124.9970477937, 66.66097721989996]",33.0798371187088,70.36917598552589
3380,"[124.9575169609, 66.61791980729998]",33.08294783783053,70.31516453500068
3381,"[124.93228455090001, 66.55879810449999]",33.09399481898836,70.26735427651069
3382,"[124.88531988150002, 66.4333606971]",33.0951831231008,70.17196548020854
3383,"[124.8230774551, 66.35200906029999]",33.155911075706214,69.96866193284794
3384,"[124.76823940859998, 66.2468764479]",33.224699138712495,69.87379083330204
3385,"[124.73759991170003, 66.1014245856]",33.23483876654704,69.78348772067159
3386,"[124.65140379510004, 66.00213482349999]",33.26444618497381,69.66299408851823
3387,"[124.61257654960002, 65.9112347145]",33.307529774492195,69.58893462910962
3388,"[124.54857843829996, 65.8184411395]",33.349465594934934,69.49137402747975
3389,"[124.46334418619999, 65.60316800489998]",33.40572184780098,69.32243530095369
3390,"[124.41335281919999, 65.48793787429999]",33.446072205012584,69.22820103496186
3391,"[124.37022632790004, 65.3275629233]",33.51260089054044,70.11966612150948
3392,"[124.35932538649999, 65.14449736170002]",33.52014135236039,70.03242777063477
3393,"[124.36966528169998, 65.00084761949998]",33.52696738732689,69.98138110288637
3394,"[124.3259928174, 64.83818107199997]",33.567068651092164,69.8735777944611
3395,"[124.2911227501, 64.6353900411]",33.584013017694566,69.7573204887631
3396,"[124.27712395049997, 64.4172502147]",33.588088214019756,69.65413310292242
3397,"[124.25601533580002, 64.22730114020001]",33.627759426702525,69.55658567369561
3398,"[124.30059344890002, 64.03940665779997]",33.57731095921237,69.52021150380538
3399,"[124.32569200590002, 63.914311111399996]",33.52601571905527,69.49209773446557
3400,"[124.33318382269994, 63.76773188839999]",33.45339791240609,69.43940265293274
3401,"[124.32769327509999, 63.657714334599994]",33.44998100591945,69.38986265116806
3402,"[124.32119146109999, 63.53386092539999]",33.445685562402446,69.33396589275844
3403,"[124.30174869249997, 63.45551022259999]",33.45358943947787,69.28465773965604
3404,"[124.29894437249993, 63.41060353230001]",33.453049681514926,69.26406211621567
3405,"[124.33157409329996, 63.3288626847]",33.43823784627897,69.07273991313544
3406,"[124.35438380749999, 63.238691833699995]",33.42280494093754,69.05633546102585
3407,"[124.38069282240002, 63.213761685600005]",33.38804265734472,69.07005308816767
3408,"[124.39162594869995, 63.16350822799998]",33.389310481845165,69.05936602154223
3409,"[124.41855774399995, 63.16291329039998]",33.37232881532288,69.0836786987972
3410,"[124.51102942449995, 63.129393509]",33.34058403110296,69.15427305853181
3411,"[124.54100080969997, 63.144727703900024]",33.377330298138084,70.1213933524715
3412,"[124.52866881109995, 63.12319309270001]",33.35723237740705,70.10124884275486
3413,"[124.55242438849997, 63.09400306150002]",33.3350463993094,70.11079237689809
3414,"[124.58464131079994, 63.08680098160001]",33.28634083695677,70.13714723253699
3415,"[124.61073975419997, 63.067786655300004]",33.29455189420486,70.15305613636495
3416,"[124.59992376469998, 63.01561910750001]",33.29073910337985,70.12167183226964
3417,"[124.63420353129993, 63.042435379500006]",33.251448080825874,70.16396148981447
3418,"[124.63707463709996, 63.00604398920001]",33.24398611424942,70.15156960808363
3419,"[124.66576047249993, 62.990715180999985]",33.199501156654044,70.17139219404763
3420,"[124.67933574269995, 62.96568586349999]",33.21170677359941,70.17346063053897
3421,"[124.74368391569996, 62.9600279731]",33.18481232791908,70.22978832601784
3422,"[124.75691679029998, 62.928752695]",33.132580139427866,70.22900394936234
3423,"[124.74696898879998, 62.89655437439999]",33.147973140659516,70.20671694878618
3424,"[124.76236221169997, 62.8679434741]",33.13982008813724,70.20902377918934
3425,"[124.78556167559996, 62.8580182049]",33.09769758732973,70.22611954123009
3426,"[124.83966525029997, 62.76628499889999]",33.05141140587069,70.23797956309934
3427,"[124.88755594039999, 62.7395485018]",33.04688678489306,70.27079624565661
3428,"[124.95025962259999, 62.6695905907]",33.076075746183044,70.29958936324361
3429,"[124.98796205959998, 62.6517801774]",33.034644929537116,70.326802901397
3430,"[125.04692259669997, 62.62763379519998]",32.99232897886724,70.37089174407957
3431,"[125.10478379629994, 62.62846623809999]",32.98741429909659,70.42412344526875
3432,"[125.17026454199998, 62.579590396700006]",32.97709820594266,70.46421839669716
3433,"[125.2121533429, 62.53697638170001]",32.94869278464258,70.48532511712337
3434,"[125.25065376679999, 62.5178050539]",32.93386514507738,70.51282212639056
3435,"[125.29409820350001, 62.4986126083]",32.91198859468554,70.54485157145585
3436,"[125.35434864470002, 62.4331555857]",32.87823873626376,69.76580188731985
3437,"[125.4069934426, 62.428693656000014]",32.81568686408315,68.97844189227662
3438,"[125.46342076570001, 62.41872257260001]",32.7604610268687,68.17236547985647
3439,"[125.4902430047, 62.4105940459]",32.71723601444975,67.49738047349172
3440,"[125.53159801029999, 62.37891132360001]",32.70989358928487,66.77085147068044
3441,"[125.60945161609997, 62.39050824210001]",32.639114127210185,66.03883713870144
3442,"[125.67107080519997, 62.40003898100001]",32.58447697716513,65.21311271927225
3443,"[125.69803819479995, 62.392923989600014]",32.55764463087627,64.40775695993663
3444,"[125.71912065029996, 62.41774989630002]",32.546790233384336,63.659461041854
3445,"[125.78647212349998, 62.44376766550002]",32.52267397149319,62.9829778713471
3446,"[125.82200012539995, 62.493913977599995]",32.54757558965777,63.03820136222378
3447,"[125.81655871799998, 62.494239347499985]",32.51537765170803,63.033583110170284
3448,"[125.84066501959998, 62.49546654599998]",32.45561388985693,63.05532358999885
3449,"[125.82508442609996, 62.471129650199984]",32.442611978710104,63.02998112760133
3450,"[125.844708577, 62.479920415900004]",32.42332099919883,63.05141748708145
3451,"[125.81226651409999, 62.481024047]",32.46096495024887,63.02347766530786
3452,"[125.79915435179998, 62.490527116]",32.46377122951789,63.016531757047105
3453,"[125.8114248261, 62.48352476879999]",32.49122875683413,63.02393857930116
3454,"[125.83324809279999, 62.5063567398]",32.46091739161718,63.054039862551136
3455,"[125.85247760099998, 62.48946464629999]",32.459337339579804,63.06281122353774
3456,"[125.89395803069999, 62.47776301349999]",32.45429378476736,63.09360957289841
3457,"[125.86462895400001, 62.464447668099986]",32.43947040313704,63.061486183944254
3458,"[125.89978169619997, 62.414648402099985]",32.42464540535618,63.06851371613131
3459,"[125.88518051849998, 62.37010178309998]",32.434956167284966,63.034394985091524
3460,"[125.8876746476, 62.31225655999999]",32.436795673292025,62.87159448003057
3461,"[125.90451563149998, 62.266898663799985]",32.42427654039522,62.865529996244
3462,"[125.86844453149999, 62.22170106849998]",32.43503207208981,62.812649290836035
3463,"[125.8413490376, 62.21415723999999]",32.42159061057121,62.78513493984799
3464,"[125.80132548289997, 62.15591232589998]",32.45195788892023,62.72272925953591
3465,"[125.80657146250003, 62.09980007069999]",32.461202654586835,62.70149277281407
3466,"[125.79531613010002, 62.044225990499974]",32.47873412742866,62.665898739347995
3467,"[125.7949877447, 62.0269455627]",32.49136283479946,62.65765292121087
3468,"[125.77290505999996, 61.950093847499986]",32.55226004117036,62.60270742991076
3469,"[125.7425473092, 61.897921903299974]",32.58020924983061,62.551784288109246
3470,"[125.76784220829997, 61.85485592739999]",32.554662438534926,61.62585488009484
3471,"[125.7244565397, 61.8257228123]",32.600154187376816,61.57390798369916
3472,"[125.6902167916, 61.83686909070001]",32.63176759512985,61.548737793501964
3473,"[125.69657585759995, 61.794360658799995]",32.61421757160058,61.53466967128796
3474,"[125.67896263669996, 61.76143119390001]",32.63673616624115,61.50381026344832
3475,"[125.65535922099997, 61.710755655599996]",32.62766252031506,61.4594392878492
3476,"[125.64725921149997, 61.70178805339999]",32.6343787066442,61.44811067583615
3477,"[125.61411276669998, 61.69225552789999]",32.675076845404895,61.414312890728
3478,"[125.62845908099996, 61.6883221648]",32.67884266100887,61.425214749113714
3479,"[125.62555531829996, 61.6973104944]",32.68467470015858,60.84810718389332
3480,"[125.61355903159996, 61.698665267]",32.7039198816971,60.838188519707614
3481,"[125.60203847149997, 61.69510788769999]",32.665207172622885,60.82635910497088
3482,"[125.58543040449999, 61.67287862539999]",32.69132614297764,60.80119488977755
3483,"[125.58176657699998, 61.64262726219999]",32.688584181283744,60.783629207092496
3484,"[125.58143500140001, 61.63209145939998]",32.66339423340468,60.77834566519857
3485,"[125.56496850159998, 61.629963893299994]",32.66435925045832,60.76283632766299
3486,"[125.5640906271, 61.59628838809999]",32.677578256798256,60.74611518642386
3487,"[125.5514315144, 61.59794836339999]",32.679636521514446,60.73575043297134
3488,"[125.53496820069999, 61.61972894889999]",32.65504346048531,60.73156793023115
3489,"[125.51612187169998, 61.61447477489999]",32.6365207285389,60.712482281150216
3490,"[125.5211228222, 61.606398784299984]",32.652201203783285,60.71305924948938
3491,"[125.51263212869999, 61.61285093159997]",32.64512776586958,60.708639755840544
3492,"[125.4965200936, 61.590051467999984]",32.6408055235467,60.68364802385535
3493,"[125.49422184, 61.577332956299976]",32.6544439035152,60.675599496500304
3494,"[125.51421587740002, 61.59419351899998]",32.66137148814275,60.70119446483377
3495,"[125.52524097359999, 61.572066653600004]",32.6457999860922,60.70042818234032
3496,"[125.5368815232, 61.56806231839999]",32.635846414926796,60.70878754826759
3497,"[125.52175974809998, 61.586111825299994]",32.65483179974143,60.70401112214412
3498,"[125.5053173777, 61.58174339759999]",32.65110073303895,61.37111364902534
3499,"[125.53461912539998, 61.573935915499995]",32.653501188922775,61.393473658830715
3500,"[125.53602179629998, 61.566789341100005]",32.66767433885291,61.90949201770152
3501,"[125.52400166459998, 61.552784453499996]",32.662547125114266,61.89245371138863
3502,"[125.54388799619996, 61.530901496]",32.67585156722209,61.90036646080663
3503,"[125.54597142199997, 61.544595900100006]",32.67123423800666,61.9083875289671
3504,"[125.57114973269996, 61.54773690250001]",32.63966477812393,61.93228722831254
3505,"[125.55218168319996, 61.56093015210002]",32.65551079501635,61.92128402190693
3506,"[125.56895582469996, 61.580340910000025]",32.64961655262546,61.94500046993649
3507,"[125.59320046819995, 61.57975418050001]",32.664010776060145,61.96638562641366
3508,"[125.60159355059994, 61.57172935320002]",32.6406846020891,61.97026980353724
3509,"[125.60697875389995, 61.54502372710001]",32.63117304845179,61.96306951111014
3510,"[125.61066973329997, 61.54862860100001]",32.627351299989904,61.9679870626132
3511,"[125.62832433509995, 61.54626721360001]",32.63733144579058,61.982696291374964
3512,"[125.61498967489996, 61.52581534970002]",32.62293426517233,61.96159400028438
3513,"[125.61293856009996, 61.533465877100014]",32.61385845631853,61.963198885405454
3514,"[125.64057957869996, 61.509601577000005]",32.61068314085202,61.97717799105689
3515,"[125.64609961959997, 61.501641055200004]",32.60915240334763,61.97853827785052
3516,"[125.67205375669994, 61.472993264300015]",32.62582053057996,61.98888899604948
3517,"[125.67903956159996, 61.42479194460001]",32.63198584850218,61.973547962772386
3518,"[125.70476641669995, 61.3895338876]",32.664573210290065,61.98079111427671
3519,"[125.77525796209993, 61.247532863900005]",32.70182238797053,61.98059454487343
3520,"[125.81019065949994, 61.147081908500006]",32.75124180242264,61.96731311050861
3521,"[125.85958760259994, 61.005032005900006]",32.79406773829624,61.94883640501648
3522,"[125.92678051539995, 60.82273492750001]",32.794609296931256,61.92906784163083
3523,"[125.9651395665, 60.58558485800001]",32.812082083748386,61.86007701947022
3524,"[125.99774088969998, 60.31514057219999]",32.804973974962145,61.77239129225967
3525,"[126.0655318688, 60.03290809239999]",32.826572109107126,61.712569294547684
3526,"[126.1658323067, 59.7254595641]",32.835340357382385,61.67287075258798
3527,"[126.19622227050002, 59.389483318500005]",32.837480826776684,61.55940694900582
3528,"[126.18267220560003, 59.071113379799996]",32.79845895198235,61.41484003646554
3529,"[126.20945055330002, 58.823800709299995]",32.79229448171544,61.33747376654277
3530,"[126.1989881263, 58.5486828113]",32.75630523418063,61.2156959250553
3531,"[126.18817562300005, 58.2879088606]",32.719253139100566,61.10036865469814
3532,"[126.184172756, 57.98367416250002]",32.68909999638605,60.9748558833856
3533,"[126.2035853598, 57.65490700600001]",32.687194653750794,60.86246161533421
3534,"[126.15179110119998, 57.3099263876]",32.65357110773964,60.377980379992245
3535,"[126.1424085301, 57.02422823400001]",32.62637743833553,60.254608269982015
3536,"[126.1375427252, 56.7805570439]",32.601219538070126,60.15313756728808
3537,"[126.08245855679996, 56.545860368400014]",32.53553859160597,60.00984105685065
3538,"[126.13362180059998, 56.28265237300001]",32.5409577236838,59.95389080189547
3539,"[126.1499883066, 56.07911113119998]",32.550959808083135,59.89001399787017
3540,"[126.12219596759998, 55.88586428639999]",32.54466292832522,59.78993585343369
3541,"[126.05505145419998, 55.68838897499999]",32.491791799807615,59.84916506925343
3542,"[126.07923814339995, 55.5196442699]",32.47532646557054,59.804678844280346
3543,"[126.08608742289995, 55.35607656649999]",32.467973908656965,59.7467200890543
3544,"[126.08199032609993, 55.309703658299995]",32.49107211855226,59.72480154583859
3545,"[126.11812887359994, 55.2860630099]",32.515956552308715,59.748828941611976
3546,"[126.14960408279998, 55.26411462640001]",32.545079146116926,59.76924363718152
3547,"[126.15727947319996, 55.22411861330001]",32.558897551934926,59.76072675534354
3548,"[126.15178870429992, 55.206384749600005]",32.56040698954894,59.27390640636186
3549,"[126.16773857669995, 55.20246047000001]",32.56919986750983,59.286926031284565
3550,"[126.12557919549995, 55.21321426810002]",32.60765159516648,59.252669209218574
3551,"[126.14243104849994, 55.20466081630002]",32.644155269314666,59.264646931841305
3552,"[126.14983526909995, 55.19726595140001]",32.63541952087629,59.26844644806914
3553,"[126.15614193379996, 55.21210478470002]",32.64501822543966,59.28019473627837
3554,"[126.15504292969996, 55.21320554480001]",32.64737971223279,58.383387866436344
3555,"[126.15105376389994, 55.23040520600002]",32.64429563221151,58.38653647847379
3556,"[126.16543480379997, 55.20964515580002]",32.65071019440212,58.39152160663737
3557,"[126.17747935019993, 55.20908814519999]",32.67136663309879,58.40236245077653
3558,"[126.16311699519993, 55.164919306]",32.716574177944715,58.371705319466415
3559,"[126.11840243109998, 55.138706208600006]",32.74279256620897,58.32027204538386
3560,"[126.08408914199995, 55.10859924229999]",32.817432524412304,58.2768578213968
3561,"[126.03917417059992, 55.0870082981]",32.86003656226824,58.22706730272133
3562,"[126.01311218109998, 55.041884950699995]",32.87909074674506,58.18531637446676
3563,"[125.94617925079996, 54.96846261139999]",32.927190744328946,58.094870401643455
3564,"[125.92072698049998, 54.903113010999995]",32.95539462592048,58.045769935797885
3565,"[125.88852154479997, 54.801750783799996]",32.990138851779825,57.976389068085176
3566,"[125.82734283799996, 54.6961684265]",33.061970319021775,57.878798397102464
3567,"[125.74497823189995, 54.584470712600016]",33.15938866182929,57.75940523188361
3568,"[125.67524306669996, 54.46793095269999]",33.22442693149934,57.64985942839586
3569,"[125.55788018449998, 54.36927650050001]",33.37073047017274,57.50343057778375
3570,"[125.4287583949, 54.2464428805]",33.52233742309172,57.33684924197026
3571,"[125.354491465, 54.08019393979998]",33.59219670479028,57.204266682896694
3572,"[125.25536576309993, 53.94744650900001]",33.662600793666705,57.06180535804131
3573,"[125.18357569579993, 53.78970745539998]",33.756654471779385,56.93521320996143
3574,"[125.13233179929998, 53.576615213299974]",33.799392494307426,56.80693069547919
3575,"[125.06883200489996, 53.478662964699986]",33.88840953988601,56.71115029460856
3576,"[124.9751924835, 53.285495583899994]",33.97613453801716,56.551780982175785
3577,"[124.93155263179997, 53.065468696199986]",34.029311064127505,57.21085789198814
3578,"[124.85361704979998, 52.89233804129998]",34.128022545625434,57.075785971254355
3579,"[124.78575789279995, 52.69682093549999]",34.249988496931266,56.94245346103878
3580,"[124.75465534299998, 52.50102151669999]",34.314467419117065,56.84384070905393
3581,"[124.71156559649997, 52.30910308479999]",34.40938039632077,56.735886609666224
3582,"[124.61735557959999, 52.13432190519997]",34.49100163096583,56.58646974751513
3583,"[124.52854590409999, 51.9827039073]",34.58490218871932,56.45045514266581
3584,"[124.47969213279997, 51.77775537139999]",34.65583417723205,56.33378915067539
3585,"[124.40492142969995, 51.625482945499996]",34.72183743798292,56.211310074860656
3586,"[124.39859922459999, 51.432495856999985]",34.75696007004496,56.13962701097012
3587,"[124.3940650975, 51.29490387979999]",34.79373143587443,56.08884476489692
3588,"[124.39581858749995, 51.11674945609999]",34.83075581785265,56.03071193987362
3589,"[124.36586567169998, 50.97713526369999]",34.865878159400616,55.95595918740062
3590,"[124.38553433579992, 50.82020859159998]",34.891466770508146,55.92260759110417
3591,"[124.41853486059996, 50.61500646849998]",34.902714144170794,55.88652458413301
3592,"[124.4509866561, 50.4273751575]",34.9479484691047,55.85634279600292
3593,"[124.48782480809996, 50.242483198600006]",34.93028367709665,55.831826083559164
3594,"[124.51566157529994, 50.07650027739998]",34.90242157173293,55.805385780331314
3595,"[124.53945485569986, 49.960790895399995]",34.85360982574754,55.79141135927374
3596,"[124.54491855959988, 49.87566472989999]",34.86519019471941,55.7082390258073
3597,"[124.59240714359993, 49.70326784449999]",34.825101611635716,55.70277867059707
3598,"[124.65646983129996, 49.54422999460001]",34.79573179832748,54.9145593085959
3599,"[124.71617187899996, 49.40597323059998]",34.77298266974803,55.70357462628358
3600,"[124.87376401679992, 49.257682858699994]",34.65713375206903,55.81199123206628
3601,"[124.97331088789988, 49.14102949639998]",34.571325460930375,55.189612932352794
3602,"[125.04679445699996, 48.979815842699985]",34.50196801548205,54.393689836053746
3603,"[125.09740570429999, 48.83878688829999]",34.42802639192339,54.844885962387856
3604,"[125.20740410719996, 48.7223121363]",34.34861599617018,54.37746893054704
3605,"[125.33537882989992, 48.55112751889997]",34.279715591251254,53.882500472288704
3606,"[125.44823013439996, 48.44571373529999]",34.200545531590144,53.18286637878107
3607,"[125.48488646909993, 48.36000499399999]",34.147082463529266,53.18756280745947
3608,"[125.52174331389993, 48.263040825299996]",34.14744808044292,53.92743036734633
3609,"[125.51803539039994, 48.21988796089999]",34.15966371995267,53.90962416449273
3610,"[125.44431842439995, 48.16192900599998]",34.22579287575644,54.31640684569018
3611,"[125.40051551619996, 48.12196844899998]",34.29315019270669,54.26223927781891
3612,"[125.34678390899995, 48.06229533189999]",34.36396973361672,54.19245783892831
3613,"[125.343524444, 48.037559502799986]",34.32386682098497,54.181592082011306
3614,"[125.29275234400001, 47.98475781799998]",34.3889483977882,54.116819806215034
3615,"[125.25891558330001, 47.95931285719998]",34.412503198487904,54.07671528607865
3616,"[125.22907620429996, 47.942459216999985]",34.44584636294353,54.043099493142634
3617,"[125.22493529859999, 47.921840325199994]",34.464005132732936,54.03271562707221
3618,"[125.2227752938, 47.92357941279999]",34.45392959432324,54.03120780466451
3619,"[125.21234097739998, 47.924325561899984]",34.464888117538315,54.02153038609491
3620,"[125.23351244899997, 47.91870718829998]",34.47317172911333,54.039883215471505
3621,"[125.23905289569997, 47.91643953859999]",34.47181183393289,54.04443727284681
3622,"[125.28652864009997, 47.90713805459999]",34.478077371735054,54.086632993816885
3623,"[125.28363995069995, 47.91671174109999]",34.478174879914405,54.08687763912884
3624,"[125.28868175979993, 47.9074423456]",34.46367194478796,54.08877352761091
3625,"[125.29345325789994, 47.9194665044]",34.45571769672526,54.097060437627775
3626,"[125.29437191189993, 47.9151107187]",34.44582143374096,54.0965730874521
3627,"[125.30425648669994, 47.911486520400004]",34.41545463486084,54.10483247165057
3628,"[125.29690526509994, 47.9331884427]",34.39881644824819,54.104626268836306
3629,"[125.30181242009994, 47.93411434539999]",34.39412167481775,54.57081502486761
3630,"[125.32689477449998, 47.917543232999996]",34.35781866362906,54.5898506299961
3631,"[125.33630151959997, 47.9312827393]",34.362657830500694,54.60290937672275
3632,"[125.35524931599996, 47.9446751625]",34.36865915544777,54.62497800209889
3633,"[125.36255793569998, 47.944965374700004]",34.37409250185769,54.6320434020832
3634,"[125.3521929808, 47.945067422499996]",34.385145348688724,54.6221758638969
3635,"[125.35124630299995, 47.930156868500006]",34.40496648299815,54.616847414902104
3636,"[125.32245744709996, 47.9384677242]",34.43230397290661,54.59182162869673
3637,"[125.30326479659996, 47.92587534300001]",34.42482322428322,55.091071965487686
3638,"[125.30413378459997, 47.92990263530001]",34.418704734663756,55.09304107536016
3639,"[125.32355353849997, 47.92628504520001]",34.41286383586172,55.11065369576227
3640,"[125.29718040729999, 47.941493280600014]",34.457159487438254,55.08963934297575
3641,"[125.31141212929998, 47.959225213200014]",34.43758005939384,55.108297812793346
3642,"[125.33694651920001, 47.95629326440002]",34.43254305062801,55.13196575299048
3643,"[125.3378325509, 47.938725180300025]",34.4364931190275,55.127860178315935
3644,"[125.35542161979998, 47.92933820310002]",34.421495014834385,55.14209101065884
3645,"[125.3616898982, 47.92555188110003]",34.42769712681902,55.147039157172415
3646,"[125.361042453, 47.92802571950003]",34.44807544995041,55.14711459266385
3647,"[125.39411376529998, 47.91813844350003]",34.46379874202061,55.176065736908576
3648,"[125.40047211769999, 47.95125021020002]",34.466555040421305,55.19149022630191
3649,"[125.38301274059997, 47.94386087240003]",34.464452378248595,55.1726560723665
3650,"[125.35835593509995, 47.94271772760002]",34.458894578866804,55.148676679810926
3651,"[125.35154560269997, 47.935727833200026]",34.4510752317198,55.14017231378929
3652,"[125.373867513, 47.94218077520002]",34.45520214519332,55.16340802537657
3653,"[125.35543517689997, 47.951434976400016]",34.48461216000063,55.14833251765646
3654,"[125.3515455669, 47.946895245900016]",34.498133249056394,55.14332046471095
3655,"[125.34786977759997, 47.95391061870001]",34.45968834919412,55.141772753143705
3656,"[125.354655569, 47.92447665570002]",34.43894464610459,55.139986714128895
3657,"[125.37538374499998, 47.93958241090003]",34.45215808422762,55.164130627170586
3658,"[125.37915201739997, 47.92762023290003]",34.44720712692356,55.16437715729661
3659,"[125.38031502069997, 47.92316505120004]",34.460519219464885,55.164238975729816
3660,"[125.40245106479998, 47.912972101600026]",34.4841454886046,55.182613468541476
3661,"[125.43404655529997, 47.89761855860002]",34.50917208261345,56.12492299471626
3662,"[125.49678718769995, 47.87108851080001]",34.550900517204354,56.178015607304985
3663,"[125.49322915630002, 47.83223368400001]",34.536802321677946,56.16399217608599
3664,"[125.4857514318, 47.83401543580001]",34.54872274401366,56.15728312470119
3665,"[125.51209626540002, 47.82144255850001]",34.531178346377985,56.17920670596027
3666,"[125.4994688356, 47.82636072790001]",34.540445987875884,56.168395757851314
3667,"[125.50747652259999, 47.8088795623]",34.53748882652122,56.17134232232532
3668,"[125.48956913190004, 47.7882635603]",34.57123550071366,56.14850364935266
3669,"[125.53302332800004, 47.790122715900004]",34.593197519895824,56.19082816831307
3670,"[125.51964647740004, 47.780181363500006]",34.57985775564708,56.17525421644411
3671,"[125.53816761820003, 47.769463904000006]",34.595461367961576,56.190171549994496
3672,"[125.53854914060003, 47.7891325406]",34.599044646719804,56.195877315968765
3673,"[125.52819286830001, 47.8019612098]",34.606272049176326,56.18939643315424
3674,"[125.56354136500002, 47.804485622399994]",34.60012335120702,56.22410044113738
3675,"[125.56489014270002, 47.82690617829999]",34.57868244091261,56.231494659108996
3676,"[125.57886642860001, 47.8171240483]",34.577122047804316,56.24228362912854
3677,"[125.58686474490001, 47.813415454600005]",34.55553451370631,56.24897277735549
3678,"[125.57542353820003, 47.7850937699]",34.554958129198944,56.23027059583136
3679,"[125.56872694110005, 47.777945949800014]",34.54765390744451,56.22188592436354
3680,"[125.59160073890006, 47.795709864500004]",34.49876773767936,56.24872181072375
3681,"[125.60634340640004, 47.779373206]",34.46705470401129,56.258479834776125
3682,"[125.58642896100004, 47.8158579012]",34.47271882609334,57.023417058880135
3683,"[125.58989895060006, 47.8037221031]",34.47129363618183,57.02360030594996
3684,"[125.58840244140005, 47.817411097800004]",34.47345604665364,57.02572756178944
3685,"[125.57219302600004, 47.82546203160001]",34.46076877488843,57.012183149843665
3686,"[125.55021946360003, 47.83602206580001]",34.462206749365585,56.99373377545422
3687,"[125.5436165339, 47.86316279870002]",34.47312731840675,56.99446538337573
3688,"[125.53701315960001, 47.89931743630002]",34.48137790011624,56.997576763909066
3689,"[125.53215053830003, 47.90416753280002]",34.46518132906527,56.99415883582545
3690,"[125.53755340700002, 47.91152308290002]",34.47356956178916,57.001304620904705
3691,"[125.5439062325, 47.91394969040002]",34.500430969872866,57.00807187133097
3692,"[125.56140285309999, 47.91298100590002]",34.50577381854251,57.02469905662651
3693,"[125.57601328539998, 47.90857157950002]",34.49763638278752,56.94381555721293
3694,"[125.56910771819999, 47.907934816000015]",34.508726753649775,56.93696522790547
3695,"[125.60238796089997, 47.91064159830002]",34.49396074491337,56.969890534482566
3696,"[125.61477370300001, 47.91491363360001]",34.49301629122631,56.982946163025886
3697,"[125.62171861450001, 47.92348157820001]",34.49240936118983,56.99178329921543
3698,"[125.62050834290001, 47.90414551620002]",34.48544670081328,56.985861256548375
3699,"[125.61368286550004, 47.89207001700002]",34.49650634585694,56.97628165122404
3700,"[125.6303143826, 47.914528233600024]",34.50044046826538,56.99791618004286
3701,"[125.6387756014, 47.943765415100025]",34.49062050507235,57.013304084120634
3702,"[125.65844682180001, 47.92935255510001]",34.505505088208544,57.02882805543501
3703,"[125.66946205330004, 47.94598087020001]",34.54410375982304,57.04359271128152
3704,"[125.65366627370003, 47.9236956584]",34.54250941896875,57.70241610288603
3705,"[125.66710247699999, 47.92762288250001]",34.554440743394295,57.7163976902903
3706,"[125.69028738259998, 47.928202896399995]",34.56349402935137,57.73907873880394
3707,"[125.70271867780002, 47.9328201549]",34.564045672645015,57.7522439488274
3708,"[125.6652677079, 47.9206328148]",34.52868328166683,57.71298366566636
3709,"[125.6943288198, 47.924077551500005]",34.52584831908896,57.74204726075278
3710,"[125.70041670940002, 47.9161442294]",34.530143341136565,57.74611936354007
3711,"[125.68325926589998, 47.904544373099995]",34.529521020373586,57.72673260617259
3712,"[125.7149195773, 47.94131089530001]",34.51194789447802,57.766088537699346
3713,"[125.70200025919999, 47.8959137764]",34.52966579524488,57.742951214425204
3714,"[125.7006821249, 47.8847134225]",34.521879462441575,57.73906543250089
3715,"[125.69222593219997, 47.903769315199995]",34.52083240490333,57.73527261873106
3716,"[125.73365436620003, 47.90411212790001]",34.52971522437702,57.77564404286418
3717,"[125.72022708170002, 47.9115521362]",34.53923956088087,57.764316198172956
3718,"[125.69098652939999, 47.916996729699996]",34.524792153317456,57.73714712729471
3719,"[125.70133711499999, 47.916625150499996]",34.50557963923931,57.74712646517422
3720,"[125.6982647164, 47.9009394166]",34.49000179356805,57.740487144793946
3721,"[125.71874546959998, 47.875117953000014]",34.49750364389253,57.75440605533073
3722,"[125.7228330873, 47.847824032700004]",34.49385247257118,57.1803114155913
3723,"[125.72978107450001, 47.8557120503]",34.47855085009258,56.57850310466132
3724,"[125.7391450323, 47.868303623399996]",34.516292524471986,56.062838160800055
3725,"[125.72987943079995, 47.84356339909999]",34.49315218447111,55.35023936769045
3726,"[125.75608328969996, 47.8477602949]",34.43302560702191,55.37654973667532
3727,"[125.80619187119997, 47.871131911]",34.39533940744758,55.43124815319788
3728,"[125.84595217489998, 47.871949368900005]",34.392616409853,55.46958351241704
3729,"[125.83758308489998, 47.8556581395]",34.392340816559496,55.456910127603614
3730,"[125.82604861569999, 47.8607677881]",34.387430016823686,55.44731508852313
3731,"[125.80048857889999, 47.852378612]",34.36440814200491,55.420423684516685
3732,"[125.8010253452, 47.849559436999996]",34.374730982858246,55.420132945874506
3733,"[125.7823166314, 47.85164779460001]",34.38344327810157,55.4028001813965
3734,"[125.7489845388, 47.85779341080001]",34.38371625557674,55.37261534047797
3735,"[125.72556488190001, 47.81335220260001]",34.3876287412923,55.33747664624491
3736,"[125.75515116689999, 47.8045608099]",34.381528567188774,55.363326871396964
3737,"[125.74513300719998, 47.7740622897]",34.3867101644278,55.34503694571522
3738,"[125.7589068196, 47.7960818664]",34.36179479737656,55.36451052686132
3739,"[125.75915913269999, 47.7811079178]",34.35684942774258,55.360488282662416
3740,"[125.79633522630002, 47.75852559099999]",34.37429995568536,55.3897079863747
3741,"[125.79724236600003, 47.72463501629998]",34.385020467455064,55.38095960238449
3742,"[125.81739272320003, 47.726231116799994]",34.371026629371705,55.40073580593072
3743,"[125.83530932200003, 47.73220302239999]",34.37880111072412,55.41961032955192
3744,"[125.83257306240003, 47.73277208839999]",34.361426055944456,55.417147620120225
3745,"[125.85885118870002, 47.75032763329998]",34.340027532249245,55.447325213996045
3746,"[125.85921276079998, 47.721012664599996]",34.3280358866773,55.43936413536781
3747,"[125.85889469889999, 47.72488973919999]",34.342810946753886,55.44015703334732
3748,"[125.8555869075, 47.737804697199984]",34.339646841782304,55.44064406378248
3749,"[125.8539140946, 47.780353497199975]",34.32677886445446,55.45111572670113
3750,"[125.8278348345, 47.74398749579998]",34.29365450527962,55.415784433501244
3751,"[125.82541243470001, 47.74259463629997]",34.29681605974784,55.41306641905489
3752,"[125.82218903479996, 47.71974430619997]",34.318553426815534,55.403497267128756
3753,"[125.80858834059997, 47.72604747199998]",34.325153905442626,55.39224050303819
3754,"[125.81441076799995, 47.70739861839998]",34.30918871096969,55.39254081780165
3755,"[125.81188705909993, 47.71475204329999]",34.29115837853742,55.39220304344601
3756,"[125.82459630809994, 47.71580368429999]",34.2743271483307,55.4046896484862
3757,"[125.83183393529994, 47.70253124959998]",34.28745902712171,55.40787360613578
3758,"[125.85105518919998, 47.71631282969997]",34.28400302393609,55.43020968158727
3759,"[125.83929160159998, 47.72886972129998]",34.294318243265494,55.42248459424103
3760,"[125.82324835369997, 47.743314114899974]",34.26951360586705,55.41119535580331
3761,"[125.81528375089994, 47.72362380889997]",34.27796029876965,55.39797432728973
3762,"[125.80969813139994, 47.72221741759998]",34.30869535583009,55.39221914065872
3763,"[125.79932528529999, 47.72397218129997]",34.300954812710444,55.382769139996064
3764,"[125.80079666109998, 47.74184241359998]",34.29884034581179,55.38924884029548
3765,"[125.80409003649997, 47.741117866499984]",34.32078712905974,55.392201223171156
3766,"[125.82100208649999, 47.73547679169997]",34.32257893404619,55.40681835064496
3767,"[125.8285512062, 47.73431923279998]",34.33264288888306,55.41372939582459
3768,"[125.8465547847, 47.736659293799974]",34.33009596335989,55.43165773165748
3769,"[125.84355001130001, 47.75098131639997]",34.32424611512107,55.43283809088199
3770,"[125.83776786220001, 47.750190964799984]",34.342639483509,55.42706932315642
3771,"[125.85310370759998, 47.76713797519999]",34.32939779785514,55.446584755668994
3772,"[125.87770668409999, 47.74839689779999]",34.3271002322839,55.464859142367935
3773,"[125.86180154719999, 47.76052232609999]",34.3159350226845,55.453046773084694
3774,"[125.8695389459, 47.768402207399994]",34.30083648801944,55.462702591705394
3775,"[125.85149728050001, 47.77415449709999]",34.317456462853826,55.447037255669656
3776,"[125.8614813759, 47.77471827019999]",34.3268286342515,55.456770230672674
3777,"[125.87085272899999, 47.764509339799986]",34.351367108061524,55.462857327189894
3778,"[125.8721838706, 47.73310075459998]",34.34421087673199,55.45522775841943
3779,"[125.8941774185, 47.753721111899985]",34.358180145815666,55.48216354411642
3780,"[125.9046385419, 47.75054323329998]",34.35027900605416,55.49129470607087
3781,"[125.86611912029997, 47.76510403539998]",34.31285382259262,55.45848719362144
3782,"[125.86447394829996, 47.768640652999984]",34.28991701056381,55.4579137014906
3783,"[125.85834275799995, 47.707658890199994]",34.240955122554126,55.43474997635726
3784,"[125.84133485189996, 47.6426767311]",34.1799294743039,55.40008101037933
3785,"[125.80525028499999, 47.59511041159999]",34.120388900109056,55.35206077596559
3786,"[125.82027683869997, 47.47432603619999]",34.069106410022535,55.33263096852295
3787,"[125.80871416429994, 47.316299716799996]",34.001126859326384,55.277600053459324
3788,"[125.82855192849998, 47.1583047929]",34.00668064348106,55.2531762723413
3789,"[125.88824518749995, 46.983387601899985]",34.019681943884905,55.26298043128972
3790,"[125.88870230969995, 46.782372777]",33.984479263802065,55.20934312701552
3791,"[125.89613720429996, 46.54494393629999]",33.923631689328246,55.153517664975716
3792,"[125.85864712680002, 46.265045179]",33.841173493856694,55.04426823050758
3793,"[125.87983212189998, 46.03416008630002]",33.777146664999876,55.00546809940294
3794,"[125.92172324859997, 45.8856769261]",33.76270654794982,55.008371878803565
3795,"[126.01750170899999, 45.78689933139998]",33.829967940504716,55.076296414941865
3796,"[126.04267593089997, 45.72290535039999]",33.866846677004034,55.0847217836906
3797,"[126.06756052849997, 45.67672858059999]",33.86086008677448,55.097363652169484
3798,"[126.14197844120001, 45.612441044399986]",33.89565174889092,55.15358841304929
3799,"[126.1623979286, 45.54956422289998]",33.86729062217724,55.15792554456647
3800,"[126.17019196249997, 45.553100508299984]",33.890648369830714,55.16634881385979
3801,"[126.1509272707, 45.59118346279998]",33.8688605422811,55.15702839295715
3802,"[126.14761487310001, 45.5684441943]",33.88210964520127,55.14822822424767
3803,"[126.1447945029, 45.5318791993]",33.89665447845903,55.1365242122588
3804,"[126.15288719489999, 45.527933367100005]",33.887503704428795,55.14340380419212
3805,"[126.1383646957, 45.543627762499995]",33.900959650146376,55.133170370389855
3806,"[126.1533217011, 45.535966584999976]",33.90359537714554,55.14579298088543
3807,"[126.1394903144, 45.57605522949998]",33.89813564124349,55.142222743455775
3808,"[126.14227945660001, 45.57344168319999]",33.90434062416843,55.144284060585775
3809,"[126.13397800189999, 45.57889240299999]",33.896927118104365,55.1375769991608
3810,"[126.1574613209, 45.57097701339999]",33.91088305604081,55.15839514879557
3811,"[126.1857986148, 45.55073048509998]",33.91546102998402,55.18089787595188
3812,"[126.16202719510002, 45.58304055249998]",33.916488751726284,55.165785188618024
3813,"[126.12659497860002, 45.60399045179998]",33.92214129232561,55.13659724030488
3814,"[126.13868115410001, 45.584693953399984]",33.94211664281423,55.143562312714906
3815,"[126.11690717480002, 45.62293485029999]",33.962200077901144,55.131878084236014
3816,"[126.0981503967, 45.610575931099994]",33.98220472990583,55.110652751284384
3817,"[126.09518581530001, 45.59765982269999]",33.99629286178758,55.10459649091716
3818,"[126.11203816150001, 45.58073718]",33.99292475331009,55.116764575651125
3819,"[126.0941355059, 45.58831985839999]",34.01015853079402,55.10127842664125
3820,"[126.09908215859997, 45.573069524299996]",34.02926667364132,55.10232071894863
3821,"[126.11145588079997, 45.575118056399994]",34.05410440423367,55.11481824643986
3822,"[126.11301727409996, 45.5552340622]",34.05316495408006,55.11144598972491
3823,"[126.13488199869997, 45.55026492259999]",34.041351116407924,55.13142216140751
3824,"[126.13615297969996, 45.53717951729999]",34.02762792771407,55.12944515739638
3825,"[126.13588334419997, 45.52133752459999]",34.01315282573593,55.125302462993915
3826,"[126.18371471059996, 45.51441219269999]",34.04530822508437,55.169985017976146
3827,"[126.19028933909996, 45.50754915]",34.03854733021786,55.174682357779055
3828,"[126.22023591519995, 45.4931551278]",34.049622309047635,55.200207084191874
3829,"[126.20711282499995, 45.4912261753]",34.05193189128923,55.18701001815565
3830,"[126.23341543739997, 45.48121198909999]",34.056759393137206,55.21007578072486
3831,"[126.21653549519996, 45.46215224280001]",34.06920799299009,55.18906084932573
3832,"[126.21994936319996, 45.43539027360001]",34.07767969325657,55.18586166307939
3833,"[126.22969000039998, 45.4612433624]",34.10927180325173,55.20159821454038
3834,"[126.23334540949998, 45.46202342070001]",34.12356635624412,55.205333552028954
3835,"[126.22241549099995, 45.4534588083]",34.14681985413394,55.19264779616994
3836,"[126.23520158649997, 45.44154905450001]",34.15184285459151,55.20215344131705
3837,"[126.20874361789994, 45.42057662150001]",34.180291735394505,55.171392843162586
3838,"[126.19290121049995, 45.4360819717]",34.20879750225438,54.467462854764584
3839,"[126.16415549589996, 45.4280011313]",34.240083355964934,54.43762873393108
3840,"[126.15095973299997, 45.39291746399999]",34.25956976940007,54.4167150801426
3841,"[126.16194795599996, 45.338938721800005]",34.22945833784006,54.4150329170129
3842,"[126.12994870789997, 45.3063283092]",34.292968108831275,55.22752859720016
3843,"[126.10255718339997, 45.2928598125]",34.30211629238172,55.197721136465866
3844,"[126.07739778179997, 45.248073823000006]",34.31651463570952,55.16265475588769
3845,"[126.04749649589999, 45.222777854700006]",34.34614678879986,55.12761452312333
3846,"[125.96896861729998, 45.162788691100005]",34.40680270048275,55.03713687376243
3847,"[125.93125148939997, 45.10634612010001]",34.445440318206,54.98718833632468
3848,"[125.92148362159995, 45.0705672872]",34.499491325309215,54.9692924475045
3849,"[125.88757625809995, 45.02450345639999]",34.54218501104705,54.92554019172138
3850,"[125.87590679389996, 45.00398506709999]",34.591328486150275,54.90939845252032
3851,"[125.88256215099995, 44.94859960639999]",34.59899325106904,54.90296171327013
3852,"[125.91327599209998, 44.8504342875]",34.61762442346807,54.24352964691892
3853,"[125.96897337339996, 44.756746611299995]",34.595010593299484,53.60771737856885
3854,"[125.97276878779996, 44.677354013000006]",34.56004090014008,52.862341812694666
3855,"[126.01841180649996, 44.679899675200005]",34.521038689316626,52.19757202876614
3856,"[126.04233777559995, 44.684796943600006]",34.55676572889649,52.22191371154195
3857,"[126.06484771979994, 44.71278221060001]",34.52449903447152,52.25134709985325
3858,"[126.01961224539995, 44.6969356144]",34.57015096365116,52.203485052188014
3859,"[126.01828866299994, 44.65650310380001]",34.585605817414184,52.19092427905584
3860,"[125.98674843379993, 44.5637078176]",34.63807080729382,52.13481908813076
3861,"[125.99311732419994, 44.5455585416]",34.61994194703702,52.13590709308995
3862,"[125.98163423799993, 44.5024224322]",34.657544693367804,52.11293712564993
3863,"[125.96796536549994, 44.4514824549]",34.6593347450546,52.08574366161042
3864,"[125.93371901409995, 44.4317483164]",34.66281322597618,52.047386726937525
3865,"[125.89273528749996, 44.4378555604]",34.64479423456106,52.009671255705086
3866,"[125.90044747169998, 44.4513598028]",34.60914012106448,52.02080812843716
3867,"[125.93773439349997, 44.4358328274]",34.609682361175956,52.05237155753728
3868,"[125.95597616989996, 44.432911835599995]",34.61277328275244,52.069104263960995
3869,"[125.96626685709994, 44.433033035099996]",34.622807879395104,52.079030933454185
3870,"[125.98049479699993, 44.43107563639999]",34.625311656714565,52.09217125014816
3871,"[125.98379579969996, 44.408616134899994]",34.6281411040381,52.74669657798445
3872,"[126.00216295619997, 44.4121897707]",34.655490396294894,52.765313884147076
3873,"[125.99926430819997, 44.40903501820001]",34.65975059309462,52.761628575274976
3874,"[125.99441650819998, 44.396214418199996]",34.679913107863094,52.753290675052156
3875,"[125.99746727129997, 44.4044388522]",34.68497737900838,52.75858259453302
3876,"[126.00795505449997, 44.4176175599]",34.725536080204996,52.772425431464875
3877,"[125.96653548869998, 44.4044723976]",34.709132077331844,52.728974667065756
3878,"[125.97879273199996, 44.4020900712]",34.702452338265836,52.74002393607105
3879,"[126.00534310939996, 44.391858965299996]",34.649104326994774,52.762499082333406
3880,"[125.99893722669997, 44.391841852099994]",34.659164874962514,52.75635980738049
3881,"[126.00034329599995, 44.39324612549999]",34.6698804259501,52.75811082004499
3882,"[125.99862225879993, 44.37981196409999]",34.65648330490753,52.75259385606089
3883,"[126.02074839589996, 44.359778994699994]",34.64590665508376,52.76802260317268
3884,"[126.02499341669993, 44.383585642499995]",34.63626895298885,52.77893517635836
3885,"[126.04338960499994, 44.405798403]",34.640399192216194,52.802948293267605
3886,"[126.04560902889996, 44.434065869799994]",34.62033144254847,52.81322382178911
3887,"[126.02794424849995, 44.4286205995]",34.622149148266615,52.79473918085078
3888,"[126.0619196565, 44.428659246500004]",34.613720200266364,52.82728131450824
3889,"[126.06863328329999, 44.417152357999996]",34.62494328777869,52.83039280920444
3890,"[126.06784533599999, 44.40785851999999]",34.61967803218186,52.82696092303411
3891,"[126.04765531869998, 44.4223662804]",34.60456261196064,52.811808230229744
3892,"[126.0572638478, 44.438346026299996]",34.618368417825174,52.82561796032567
3893,"[126.05742873060001, 44.43022254309999]",34.62084062832906,52.82343210884937
3894,"[126.05742873060001, 44.43022254309999]",34.62084062832906,52.82343210884937
3895,"[126.06688652470004, 44.43797467049999]",34.62263625858896,52.8347241652723
3896,"[126.08632390240004, 44.45121990319999]",34.6248228731152,52.85715698025063
3897,"[126.06999104780004, 44.442148802899986]",34.60735667334988,52.838901096796796
3898,"[126.0646919107, 44.43385757539999]",34.62391861428397,52.83143509758969
3899,"[126.06587781260001, 44.43894751889999]",34.62660064468628,52.83403905808867
3900,"[126.0750907789, 44.43505891349998]",34.61829496270252,52.84173848844179
3901,"[126.07330206360001, 44.461074388399986]",34.642577032513984,52.8475356240967
3902,"[126.10045744660002, 44.45231193509998]",34.647010335879735,52.87100421400499
3903,"[126.14039029150003, 44.459492809899984]",34.639298404470495,52.91131051436285
3904,"[126.11903971780004, 44.46112964259998]",34.629918601993374,52.89134068318554
3905,"[126.08372820190004, 44.44029142659999]",34.607690843091554,52.85151811042743
3906,"[126.05763991990005, 44.42397371069998]",34.565850925334864,52.82183224760931
3907,"[126.07450709040003, 44.440397421599975]",34.61706209779748,52.842719670866906
3908,"[126.09497686040002, 44.393030071699975]",34.625161926216066,52.8486769216922
3909,"[126.13648266100003, 44.315974723699995]",34.667256170655875,52.86633756845826
3910,"[126.18213008510003, 44.27303493549999]",34.687057539565785,52.8978226725394
3911,"[126.2326613381, 44.10171732180001]",34.69366169391631,52.89772238406563
3912,"[126.25470972830003, 43.96610086909998]",34.68714916661666,52.88083257577325
3913,"[126.26796525580001, 43.810894558699985]",34.66501973514588,52.850423988754
3914,"[126.35472433610005, 43.631326413]",34.69095658600744,52.88449995846705
3915,"[126.3792362381, 43.439360165999986]",34.71509129914808,52.85602006588649
3916,"[126.43022772890001, 43.18657131469999]",34.71857932058724,52.83761968173634
3917,"[126.47845990210003, 42.92413377479998]",34.69976857093641,52.815298420830246
3918,"[126.50433248450001, 42.61226675999999]",34.6615317789677,52.76010380165823
3919,"[126.47330856460003, 42.30871237909999]",34.636519004344414,52.65367195909228
3920,"[126.50125641300002, 41.97151149499998]",34.640533363401374,53.33105936263865
3921,"[126.50880821339997, 41.6894407188]",34.608176841365236,53.26703744419639
3922,"[126.49850397389999, 41.41298126329998]",34.55158612915344,53.18850260856754
3923,"[126.47048758079998, 41.18326417739998]",34.502259873844885,53.105375460195425
3924,"[126.4987649059, 40.965983546699974]",34.517022007882844,53.080764513970045
3925,"[126.53002376880008, 40.82500006839999]",34.51051511068222,53.0778228617878
3926,"[126.53143431180003, 40.75869013869999]",34.472972807597465,52.735980001974916
3927,"[126.5450635112, 40.701363627399985]",34.47558548298589,52.73691397731585
3928,"[126.60365568350004, 40.688753728600005]",34.4897539700546,52.79142289857044
3929,"[126.62828684329999, 40.668393704]",34.52635860429514,52.811110665289554
3930,"[126.67127335200001, 40.645561350399994]",34.52917810663114,52.84821241763803
3931,"[126.67240325510002, 40.619982723599996]",34.50399594527361,52.84385362628618
3932,"[126.7055614083, 40.62117146389999]",34.534390460114516,52.87650241625742
3933,"[126.74429884289997, 40.6172489896]",34.52345754299467,52.91351408823751
3934,"[126.74067102349996, 40.6388957145]",34.542954005430104,52.91458473323032
3935,"[126.74990592129998, 40.6456481436]",34.53695544614003,52.925048080686544
3936,"[126.75041235709998, 40.6691989202]",34.57868933876938,52.93057557034547
3937,"[126.76101067249998, 40.6959657783]",34.55612005460269,52.94665963627075
3938,"[126.75203118219997, 40.7003667729]",34.54824622262011,52.9388325748669
3939,"[126.72492042239998, 40.67772729359999]",34.55045979583409,52.90749977741012
3940,"[126.70655296129996, 40.65687317919999]",34.55242688552505,52.88509484121082
3941,"[126.70568628049996, 40.661076987999984]",34.535378128117834,52.88514741303584
3942,"[126.70774940939995, 40.66128223599999]",34.53550448884713,52.887206685352226
3943,"[126.73472921999998, 40.645663754899985]",34.54413964704127,52.910224696173756
3944,"[126.69049482230001, 40.62805579669999]",34.56778151255787,52.863251107040696
3945,"[126.71510090059998, 40.604201882]",34.53194259914636,52.882207567354634
3946,"[126.71881400069998, 40.5903204142]",34.51703058189887,52.882882479637445
3947,"[126.71500580259998, 40.587229330999996]",34.513282425584265,52.87850419748548
3948,"[126.7196685466, 40.5933569032]",34.492814832630174,52.884363151178974
3949,"[126.70836307600001, 40.6055323199]",34.50044989020856,52.8759074674108
3950,"[126.7331367715, 40.58061923070001]",34.48262298295989,52.89481669732074
3951,"[126.7346163968, 40.574710306500016]",34.4925957686907,52.8950079860199
3952,"[126.7273500828, 40.572723877400016]",34.485771787250044,52.88748560716923
3953,"[126.70512524329997, 40.55649796740001]",34.47666763185944,52.85438017057432
3954,"[126.71219699699998, 40.55983912820001]",34.47421936713681,52.86196487501638
3955,"[126.70694508729996, 40.543279782800006]",34.48247113739197,52.85360919031564
3956,"[126.71505982129995, 40.541427259900004]",34.49399196404713,52.86121295787372
3957,"[126.72358819969995, 40.53620550130001]",34.485833437394696,52.8685721181279
3958,"[126.69041540879995, 40.56845206470001]",34.46806253485931,52.84226390195527
3959,"[126.70076021909996, 40.54456055470001]",34.45796704115067,52.84778855425479
3960,"[126.66123542739999, 40.52031250050001]",34.45295210331949,52.804324089093654
3961,"[126.66661477589996, 40.486976263600006]",34.47106095639737,52.80317826559377
3962,"[126.64794654819998, 40.47261176650001]",34.500834674417,52.78209614303008
3963,"[126.6287009015, 40.47648831990001]",34.52208226609705,52.763954957432894
3964,"[126.62534973509999, 40.4871826182]",34.54126427701787,52.7627245252626
3965,"[126.6421839472, 40.46527772520001]",34.58273899632988,52.77503170235593
3966,"[126.63409041969997, 40.42509685630001]",34.609582142155354,52.759384105913625
3967,"[126.61630714909998, 40.416901074100004]",34.65517105652424,52.74036120523664
3968,"[126.59450606549996, 40.369644136800005]",34.666190866638196,52.70993939510875
3969,"[126.55636974229998, 40.330363322800004]",34.70903055782327,52.665027309944314
3970,"[126.48745512060003, 40.211009025799996]",34.79061175073457,52.574801110447524
3971,"[126.46448827519998, 40.13421110299999]",34.78818968584208,52.53785488345461
3972,"[126.47035412039999, 40.0156752955]",34.80292234790892,52.521623653578274
3973,"[126.50609599069998, 39.92024965900001]",34.791207400192896,52.53924611287029
3974,"[126.60395239709993, 39.79638722510001]",34.728088822829605,52.613028242903766
3975,"[126.64363116099996, 39.69376837670001]",34.70074499961429,52.633701878627114
3976,"[126.63700291459996, 39.54910201060001]",34.740612524934534,52.6016256546678
3977,"[126.68366484070002, 39.4453987437]",34.716946514580556,52.629500571353525
3978,"[126.7170474614, 39.28951261840001]",34.69311716990701,51.81448444266505
3979,"[126.6802763654, 39.177769291500006]",34.699264920017384,50.95084112385947
3980,"[126.65909375810001, 39.0476171374]",34.758014418318105,50.90542152356426
3981,"[126.61709411680005, 39.035763399000004]",34.78591316344384,50.86194254608792
3982,"[126.63695927770003, 38.9416259303]",34.77081632868781,50.86385713957659
3983,"[126.62014797520001, 38.90225538440001]",34.79766981439025,50.84002745745461
3984,"[126.6481636873, 38.84685622060001]",34.826729514336286,50.857324611085296
3985,"[126.66418080570001, 38.850055800300005]",34.82155649516682,50.873657019076646
3986,"[126.64577909410004, 38.86044133870002]",34.82346320856155,50.857485000906365
3987,"[126.60547472770003, 38.85270901510001]",34.84036231430081,50.816445952141756
3988,"[126.61615406110006, 38.832480163000014]",34.830577467676164,50.82321534701236
3989,"[126.61752406850002, 38.81318750190002]",34.849424876309115,50.82101504576501
3990,"[126.61676597290003, 38.79734291830002]",34.85685928111775,50.817362107988544
3991,"[126.59260887780002, 38.78349273430001]",34.873301009032595,50.7910757850127
3992,"[126.57440047040004, 38.801492671600016]",34.85696128988937,50.77647722559704
3993,"[126.56274064560004, 38.82158900520001]",34.851409030176235,50.768709901736834
3994,"[126.54554306250003, 38.835878192600006]",34.8608091978131,50.75443840490668
3995,"[126.54453300550006, 38.82832653410001]",34.863950617576876,50.75205401126686
3996,"[126.55960368750006, 38.8280076831]",34.866734806945836,50.76680813939883
3997,"[126.58248805080004, 38.814316827199995]",34.87487478854768,50.786783001110216
3998,"[126.57390292050002, 38.8126781668]",34.884113895922326,50.7780429438841
3999,"[126.57380494640003, 38.843841376]",34.910871044947996,50.78368398481028
4000,"[126.56158793740003, 38.8280074449]",34.91338980627012,50.76875841158727
4001,"[126.55661319830006, 38.80119547600001]",34.88686704894853,50.7589378253932
4002,"[126.58616881810003, 38.80165932900001]",34.88180704790005,50.7880761713938
4003,"[126.57241728350003, 38.77955584810001]",34.906826612356625,50.77050468491481
4004,"[126.58368149010002, 38.7778918874]",34.902112503629425,50.781273607844476
4005,"[126.57994384030003, 38.786881381]",34.91421476005363,50.779246139264266
4006,"[126.56760477650003, 38.773363853300005]",34.91887912617448,50.76463960206255
4007,"[126.56493653760005, 38.782613108900016]",34.92321502439793,50.76371075535727
4008,"[126.56362257690006, 38.77269980940001]",34.92649190152553,50.76060313671171
4009,"[126.58261117700005, 38.7715463535]",34.91422681595479,50.77905980232136
4010,"[126.59795094210006, 38.751944012500005]",34.92604568979033,50.79055818626727
4011,"[126.58143079840004, 38.753684241500004]",34.9146239476703,50.77463362545539
4012,"[126.59075962450004, 38.7919008222]",34.917357936421986,50.790798812835384
4013,"[126.59968457520004, 38.83480998800001]",34.92793951297787,50.807456217490895
4014,"[126.60228495770004, 38.83292226860001]",34.91440023028274,50.80966458540972
4015,"[126.60453744400006, 38.831558789000006]",34.93238034031876,50.81162759624109
4016,"[126.63164739370002, 38.8211163204]",34.93057019659525,50.83635462565066
4017,"[126.59188775880003, 38.7756746383]",34.8999271254685,50.78893525078384
4018,"[126.61512078790001, 38.793773865]",34.88956922993445,50.03052101026284
4019,"[126.6034718296, 38.786891267200005]",34.88487864504859,50.01786595683647
4020,"[126.61292794850002, 38.79398892250001]",34.92297810004272,50.02839736722144
4021,"[126.58081705410002, 38.8107880923]",34.87662509096235,49.99964171073193
4022,"[126.57850909460001, 38.829567583099994]",34.86753446268429,50.00059502059688
4023,"[126.5553175779, 38.8600044754]",34.857901908483775,49.98299648803882
4024,"[126.56245710500001, 38.821543929899995]",34.852268077205245,49.98340234954579
4025,"[126.5677309739, 38.792033965399995]",34.870688985167746,49.983533391153586
4026,"[126.55455823270002, 38.78298172369999]",34.85557407654889,49.96900496849161
4027,"[126.57612281600002, 38.78346484239999]",34.86057880120868,49.99033400556387
4028,"[126.59941425830004, 38.7821270887]",34.853629850709304,50.01305320129112
4029,"[126.57556757780002, 38.7361311999]",34.86696413494149,50.837102307549074
4030,"[126.61767918899999, 38.7376204014]",34.89087775247506,50.878792454282234
4031,"[126.6706576149, 38.67098888140001]",34.927714316140076,50.918950979059616
4032,"[126.73005153589999, 38.6510407781]",34.99581271293025,50.97383119739707
4033,"[126.78140774829998, 38.67756858840001]",35.014720743665094,51.02909512190867
4034,"[126.82319967899997, 38.575833429599996]",35.005761296696775,51.05216884350967
4035,"[126.84514241379996, 38.4168060541]",34.999718944152654,51.04596184076762
4036,"[126.8948366334, 38.2548471118]",35.00561733121835,51.06710687381303
4037,"[126.9490795549, 38.0073103101]",34.99388623423466,50.46685329907528
4038,"[126.9134246987, 37.74489855120001]",34.92403189480539,50.38503507764889
4039,"[126.91699987220004, 37.467982288500004]",34.88007394457042,50.34066069592921
4040,"[126.86785233929993, 37.1487764755]",34.79962924590524,50.238807488357686
4041,"[126.83429322339998, 36.87149300820001]",34.71760010796245,50.16086866865385
4042,"[126.79166482750001, 36.588674960900015]",34.66564363584962,50.07455414007322
4043,"[126.83676886669997, 36.3708216767]",34.6296163307687,50.08614643295737
4044,"[126.83371286859997, 36.159445392900004]",34.60695485307926,50.05201199299662
4045,"[126.881553078, 35.998022094099994]",34.59864103829372,50.07619648374823
4046,"[126.84783524750004, 35.9309619446]",34.558042485992985,50.03334619389636
4047,"[126.88668187370001, 35.84417922000001]",34.58037088523351,50.05968752877533
4048,"[126.95433592780002, 35.825128825300006]",34.63028548314956,50.12405034669405
4049,"[126.99781209740001, 35.7959766652]",34.65943778455191,50.1630909872245
4050,"[127.01976051790001, 35.79308553539999]",34.69877657367968,50.18443340647398
4051,"[126.99637337130004, 35.778695388399996]",34.69504955929656,50.15929161351279
4052,"[127.00795938320003, 35.771242935299995]",34.69013467480973,50.16974616991635
4053,"[127.02918725110003, 35.76539436039999]",34.6902054957827,50.1899729701951
4054,"[127.04281340280002, 35.757266824599995]",34.68440736723662,50.20235939987698
4055,"[127.03587755870001, 35.7561136553]",34.70798859728258,50.19533103225265
4056,"[127.0470644761, 35.740020164799986]",34.70454381226361,50.20421642446307
4057,"[127.06097875100001, 35.73033521509999]",34.692227044355725,50.216681745427984
4058,"[127.06482688710003, 35.712837183599994]",34.6879596451024,50.21811569561117
4059,"[127.07111144550001, 35.7100379259]",34.67932097322328,50.223962204043545
4060,"[127.07134013850002, 35.707599276299995]",34.70400854151497,50.22385796545252
4061,"[127.07185695900003, 35.6886282691]",34.72009542426101,50.22180047979684
4062,"[127.06084507510005, 35.664693645499995]",34.72950692735116,50.207657321911135
4063,"[127.05907442050004, 35.6548516548]",34.726686654740945,50.204576826759144
4064,"[127.05907442050004, 35.6548516548]",34.726686654740945,50.204576826759144
4065,"[127.04926864230005, 35.6704372738]",34.71263041845302,50.19696146861391
4066,"[127.03574438500006, 35.658896336199994]",34.727518081791985,50.18200425807637
4067,"[127.02268578690006, 35.651278475199994]",34.714931000215415,50.168038443280246
4068,"[127.01322197350004, 35.6705288624]",34.70565359843178,50.16125721595776
4069,"[127.00233325580004, 35.6970207952]",34.71596434431047,50.15405398778856
4070,"[127.01771202630005, 35.66121522479999]",34.70068292914821,50.16444917114298
4071,"[127.02118319060004, 35.64456062959999]",34.662076780666844,50.16564532182836
4072,"[127.02809311470003, 35.64124346979999]",34.675440960900794,50.17204633967331
4073,"[127.01492006480002, 35.65607861309999]",34.71081039388491,50.16099017558819
4074,"[127.01397585250002, 35.638599232299995]",34.71438652472747,50.15770174476557
4075,"[127.01003031390002, 35.630580914999996]",34.738293953325915,50.152714626790655
4076,"[127.02993548850003, 35.62708840809999]",34.77166073666357,50.171970876522515
4077,"[127.01153954270004, 35.613463149199994]",34.77889023890348,50.151914401719175
4078,"[127.03103700930005, 35.64981734959999]",34.788114432798785,50.176116911922556
4079,"[127.00684841410006, 35.616734989799994]",34.785213184850036,50.14770395942741
4080,"[127.00369265330006, 35.60649789669999]",34.776450295517726,50.143205576850804
4081,"[127.00337133720008, 35.569008730399986]",34.77910951358014,50.137883566346915
4082,"[127.01710093060007, 35.59367858099999]",34.78630342523582,50.15477966821249
4083,"[127.01318691060004, 35.60555948069999]",34.83379168747266,50.152488878312994
4084,"[127.02380365700004, 35.61404373369998]",34.8370132991014,50.16414577418545
4085,"[127.01094476490003, 35.60028898609999]",34.8446559929279,50.14956199073377
4086,"[127.00182333240002, 35.610007182699995]",34.85190257031652,50.14182287244013
4087,"[126.98356447800002, 35.6053788498]",34.875577229533114,50.12310873758944
4088,"[126.92642465449998, 35.566095770299995]",34.899942236985055,50.06123433545906
4089,"[126.9104160444, 35.50787489320001]",34.92458335197017,50.03764163659733
4090,"[126.89625592490002, 35.4828593988]",34.97052432758118,50.02030527246689
4091,"[126.84812205549997, 35.43792066939999]",35.03068216538109,49.966687197213226
4092,"[126.8143141425, 35.38215857950001]",35.075707967426304,49.92589514220894
4093,"[126.80938008749997, 35.32561194720002]",35.06941400067893,49.91368697950193
4094,"[126.77411109669997, 35.29060702980001]",35.11017080648765,49.87421158762041
4095,"[126.75351691319996, 35.20124335399999]",35.104879625330234,49.842403188729214
4096,"[126.77995438389996, 35.0445409664]",35.13212506275616,49.84905659854689
4097,"[126.79101521209995, 34.90149195440001]",35.13970725638927,49.02099495723626
4098,"[126.80371796149998, 34.7304614717]",35.12544785849791,48.41315699984609
4099,"[126.8309037929, 34.51716850740001]",35.117920337817544,47.65027759477656
4100,"[126.86673991800002, 34.4324743115]",35.110915713911666,47.08886996907732
4101,"[126.89983720640002, 34.29496201960001]",35.049410056697816,47.09848614097816
4102,"[126.87577056770002, 34.1987327954]",35.100794277682255,47.058877798022806
4103,"[126.80615405990002, 34.139823279400005]",35.16811836720979,47.48793685610023
4104,"[126.78990568860002, 34.094140970999995]",35.19445175627382,47.465256801454196
4105,"[126.80882261050002, 34.0722053564]",35.19311873416061,47.480822167424165
4106,"[126.82693135519999, 34.0614970102]",35.17778754676568,47.497207744957095
4107,"[126.8419059164, 34.0814693248]",35.22043595452577,47.51489296898993
4108,"[126.8436713563, 34.0904664175]",35.22001039020853,47.51793342334288
4109,"[126.85634665160002, 34.10559700339999]",35.23319121469568,47.53265513875714
4110,"[126.8692108033, 34.0984315098]",35.25741090719682,47.544353178839046
4111,"[126.85119648240001, 34.0955106675]",35.27361314869346,47.526106029540856
4112,"[126.8281934892, 34.0850430514]",35.27560270427526,47.50183651125826
4113,"[126.81595428550003, 34.0864231038]",35.26494881840692,47.48992299327796
4114,"[126.81923341210003, 34.07476248]",35.26632954402683,47.49149225234571
4115,"[126.82937702110003, 34.0604937151]",35.25825303357535,47.49948442346102
4116,"[126.85524286330002, 34.0761054556]",35.25770675881424,47.527321534101176
4117,"[126.85965435110003, 34.067131115799995]",35.25997490330192,47.53040038764711
4118,"[126.89718375390004, 34.085803588299996]",35.30017987844439,47.660601713525395
4119,"[126.88817473590002, 34.082725129699995]",35.30332708058996,47.6512827743721
4120,"[126.90759442690003, 34.0788360171]",35.31229753443167,47.670078210004434
4121,"[126.91196750350004, 34.058318981700005]",35.31421443666175,47.67190567308085
4122,"[126.92791241920004, 34.088649977100005]",35.31209053096859,47.69144729867595
4123,"[126.92811417640003, 34.07489845960001]",35.31539874964722,47.689960291938156
4124,"[126.93827003910002, 34.1005170563]",35.33743183387096,47.70318535245274
4125,"[126.95346889030003, 34.089480772900004]",35.35055201700903,47.7169123355249
4126,"[126.94430441500005, 34.073062848]",35.344687504659824,47.70580368196086
4127,"[126.95958646030003, 34.074299810999996]",35.380810275514605,47.721122180352815
4128,"[126.96813482700003, 34.079488782599995]",35.38975329682653,47.73024182497563
4129,"[126.95115135570003, 34.0763986825]",35.40802907693999,47.71300769240499
4130,"[126.90604996520005, 34.05751229930001]",35.41509134974048,47.66593390327994
4131,"[126.92614706750005, 34.041120017100006]",35.39474085313503,47.68387999305175
4132,"[126.93828260880005, 34.03245291460001]",35.38326878926991,47.69486998646339
4133,"[126.95563172310003, 34.025649337400004]",35.38161567884412,47.71126341831877
4134,"[126.94688983220003, 34.00569677670001]",35.372117486465456,47.70016638861704
4135,"[126.94048389030004, 34.010496031500004]",35.347523237530346,47.69438896740474
4136,"[126.92164088720001, 34.023663070000005]",35.351525460836484,47.677283048327254
4137,"[126.92672320080003, 34.021992508500006]",35.3502186279161,47.68212476630799
4138,"[126.92540792900002, 34.03167932040001]",35.34842435914404,47.681996825076524
4139,"[126.88755563519999, 34.04309855550001]",35.3610808735348,47.64581774069943
4140,"[126.88742610069995, 34.03661618170001]",35.390569025659104,47.64489876525406
4141,"[126.87846122849999, 34.038602848300016]",35.381507479950756,47.63624291458114
4142,"[126.89016965019997, 34.031787275100015]",35.37405874208555,47.647033667680184
4143,"[126.90491783749998, 34.00740897530002]",35.36532246225203,47.65871095728561
4144,"[126.90660042929996, 34.00240470940002]",35.367158781446,47.65977482129394
4145,"[126.90778935379996, 33.97072956800002]",35.34393228532963,47.65712931441176
4146,"[126.93232365629997, 33.94108616130001]",35.39066944172193,47.67792540352609
4147,"[126.95387835669999, 33.93411900280001]",35.45724523388236,47.69849136944983
4148,"[126.98854414579996, 33.835118871900015]",35.43040057451383,47.72118000753509
4149,"[127.03713009089999, 33.784580855600005]",35.41981975580966,47.61201455477301
4150,"[127.07445190469998, 33.67810788650001]",35.42516377217728,46.90086960493219
4151,"[127.08329460259996, 33.51560976820001]",35.416920281156905,46.897102089262575
4152,"[127.0828038368, 33.314326051500004]",35.37218732895692,46.88180314030915
4153,"[127.11562642670003, 33.03086513190001]",35.374111530456524,46.89515777287106
4154,"[127.18953807200002, 32.840259289]",35.39416716771745,46.95685532958747
4155,"[127.14676931989997, 32.6694998438]",35.35855468847704,46.904011345288076
4156,"[127.1202148939, 32.40194773020001]",35.31219863791918,46.86282683614012
4157,"[127.14400208789999, 32.123490316399995]",35.30399117321563,46.8729341862027
4158,"[127.10711891850002, 31.839160776900002]",35.23493599785785,46.82384836526211
4159,"[127.08493188450002, 31.565134608799998]",35.16036224351733,46.79150728522262
4160,"[127.05482370559999, 31.282439399599998]",35.1376536286696,46.7525971975828
4161,"[127.00547724699994, 31.00831782209998]",35.05436631097018,46.69634204984815
4162,"[126.90756647519999, 30.721630235400003]",34.93423669957394,46.592918907463634
4163,"[126.88888062819997, 30.397134122799994]",34.84631662485301,46.57009453621882
4164,"[126.83050998300001, 30.069453043000003]",34.772386014679434,46.50983663724651
4165,"[126.82109981360001, 29.79051467700001]",34.75396864722569,46.500636907294904
4166,"[126.80179020510005, 29.558487788799994]",34.74512864707744,46.482777838738514
4167,"[126.77723475050003, 29.353764237199993]",34.69531837096342,46.46046595223518
4168,"[126.80653260180009, 29.140177808399987]",34.719029425558,46.493060251286785
4169,"[126.82493832670004, 28.921548856799987]",34.72894888224674,45.83012253114465
4170,"[126.8442996484, 28.8469053208]",34.81258825998968,45.850041921119825
4171,"[126.86462006920003, 28.775929472900007]",34.805044083410024,45.87100511587149
4172,"[126.91160086240005, 28.697239340899998]",34.853347979984704,45.918824547807596
4173,"[126.93536575310004, 28.663706888399997]",34.88031021894276,45.94298695975095
4174,"[126.94220959230005, 28.628173170700002]",34.86396819686211,45.95027984485638
4175,"[126.95635528070002, 28.6031719326]",34.867872741536246,45.96475700173682
4176,"[126.95344092970002, 28.58459607749999]",34.886209607851676,45.962098912833184
4177,"[126.91839380520001, 28.604297096699995]",34.87260055108092,45.92678375224881
4178,"[126.92036713470002, 28.61652152699999]",34.88882024644175,45.92859271188207
4179,"[126.92886772470001, 28.617391296799994]",34.90397454181273,45.93708099444894
4180,"[126.92213818299999, 28.573653449399984]",34.92062923105264,45.930953647044774
4181,"[126.90855237669999, 28.548247110299986]",34.89957838749179,45.91773790205963
4182,"[126.89488238829999, 28.533627158499986]",34.893052380184,45.904288002753965
4183,"[126.88251201719999, 28.548577206199983]",34.906845554763834,45.89169550861486
4184,"[126.88061112339997, 28.551386741699986]",34.91949167365853,46.117024274816444
4185,"[126.87089187319998, 28.55373964959998]",34.910269065657424,46.107320441770845
4186,"[126.88162395129999, 28.570805978899983]",34.902710444142805,46.11816622403176
4187,"[126.86546535989997, 28.540041275999982]",34.889466318278444,46.10180713449226
4188,"[126.8542431518, 28.551591037199987]",34.87311361185507,46.09065816713023
4189,"[126.8526204249, 28.561458496699988]",34.875438834141484,46.08910015738175
4190,"[126.87430602609999, 28.58872616589999]",34.876835940843264,46.11097491861692
4191,"[126.88540296169998, 28.53775922679999]",34.90947397899343,46.12173027705451
4192,"[126.91104166119997, 28.541421474699984]",34.91594729437454,46.147391125561114
4193,"[126.91373247229998, 28.55072686969999]",34.90954739813032,46.150140695703996
4194,"[126.92755748429998, 28.547855741799985]",34.9412511057051,46.163947082317726
4195,"[126.93088991030001, 28.568729156499984]",34.92223957773505,46.16741683812832
4196,"[126.940608531, 28.55486043789999]",34.93265345076065,46.17704291155569
4197,"[126.9187760797, 28.54421456679998]",34.938096346047296,46.15514284815625
4198,"[126.9100019467, 28.55024958119999]",34.96825828624697,46.14640718460215
4199,"[126.9503727984, 28.549004474499995]",34.96967119327877,46.186769248615946
4200,"[126.93664215420002, 28.555584256799992]",34.965214604282366,46.17308133447182
4201,"[126.9225263814, 28.55627338809999]",34.979871693147494,46.158970363742604
4202,"[126.91569312550001, 28.514347872400002]",34.97030820070078,46.15188206901604
4203,"[126.91277578270001, 28.526750243400002]",34.99255985352133,46.149036298906346
4204,"[126.90223516910001, 28.487457751700003]",35.008474219075985,46.138280660959126
4205,"[126.89968469610002, 28.4921275178]",34.98388296761041,46.135754046406944
4206,"[126.86417957780004, 28.5025893081]",34.97191953178527,46.10030453558867
4207,"[126.84701161570005, 28.447380215199995]",35.00305997039139,46.08287255459299
4208,"[126.81359469750001, 28.459378500699994]",35.01645122888593,46.04950777394312
4209,"[126.79282897789999, 28.4573408867]",35.03301994841773,46.02873323123493
4210,"[126.76520259989998, 28.392627223100003]",35.08857918510626,46.000867147001586
4211,"[126.70701916189996, 28.29364608080001]",35.12095641337707,45.94249279428147
4212,"[126.68161974729993, 28.1628733134]",35.12651639782807,45.917167838574954
4213,"[126.58949321409996, 28.064426084999994]",35.1845185701088,45.82534386681025
4214,"[126.59720226249993, 27.9528213803]",35.23614257656169,45.8336513181915
4215,"[126.6171453819, 27.853145497999993]",35.228970880781645,46.82569215286465
4216,"[126.6489682276, 27.6457605143]",35.182085418100826,46.77366427652208
4217,"[126.64555902139995, 27.42479538790001]",35.1604108004056,46.40442835528128
4218,"[126.60646720640003, 27.145497293899993]",35.19936233388492,45.92683002944609
4219,"[126.64615775449997, 26.861266223500007]",35.215903795450956,46.0755365106175
4220,"[126.6656437876, 26.573079558499998]",35.20991416933216,45.5865748326548
4221,"[126.7142242844, 26.323602530200002]",35.20174780495902,44.85964414099292
4222,"[126.79240591109996, 26.095502393200004]",35.141574870466506,44.54323045921327
4223,"[126.88947010359995, 25.84664975760001]",35.0595982099199,44.326728409869816
4224,"[126.93018955149996, 25.679365432100013]",35.009030636092746,44.939974920600534
4225,"[126.95187683369997, 25.5365039492]",34.96416860962549,44.72584875354173
4226,"[127.00212521749998, 25.374806649800004]",34.92469454631777,44.76063624784357
4227,"[126.97448042049994, 25.309868058100005]",34.91231296460986,44.727153130980554
4228,"[127.00069176029997, 25.212263067900004]",34.886688313728094,44.74448375146928
4229,"[126.98719026749997, 25.133553295700004]",34.882146930632146,44.72411351955332
4230,"[126.98464287179999, 25.136734209600004]",34.92095923309265,44.72185289327447
4231,"[126.97730460440002, 25.089175756200007]",34.89864509132403,44.7104224079203
4232,"[126.95605496660001, 25.094163942300007]",34.91257535308456,44.689681717192066
4233,"[126.94257681580002, 25.087936022000008]",34.93370261600791,45.51234139947497
4234,"[126.94192532390001, 25.090954423800014]",34.93409499358353,45.51191526732553
4235,"[126.93200452110001, 25.08969836960001]",34.92449490005753,45.50192866663298
4236,"[126.9193884307, 25.094997486600015]",34.9228162494717,45.48974029517318
4237,"[126.9117175306, 25.088582091800017]",34.915756629752465,45.48161473085717
4238,"[126.95807470710001, 25.092504146900016]",34.9131048409685,45.52813508961398
4239,"[126.95402498049998, 25.076361161300014]",34.92415759930658,44.716164274808236
4240,"[126.95331301089996, 25.07056135500001]",34.93277467697958,44.71495182632224
4241,"[126.96731864639996, 25.059689635100014]",34.91540232979005,44.72796386951983
4242,"[126.97312644469997, 25.039466329100016]",34.90644008640944,44.03300184819373
4243,"[126.9534760761, 25.01944557240001]",34.882182373430915,44.01141540459128
4244,"[126.98211241630003, 25.053938496600004]",34.87209140356518,44.04341924516019
4245,"[126.99173102200002, 25.068187543000004]",34.86784923502075,44.05444716614111
4246,"[126.96939879010002, 25.07225554270001]",34.86524528353711,44.03265066803656
4247,"[126.97068118940003, 25.059256618400003]",34.873237841825166,44.03259257069995
4248,"[126.95985855600003, 25.068376579100008]",34.86429680741207,44.02276245739723
4249,"[126.99133059470003, 25.084672129300003]",34.86700058053717,44.055743359096454
4250,"[127.00495804970004, 25.054349563000006]",34.87247140892704,44.066187096878494
4251,"[127.00255474350003, 25.057788938300003]",34.881352897838816,44.06414827473191
4252,"[127.03315279050001, 25.02721009470001]",34.877997000401095,44.091468695350656
4253,"[127.0744332654, 25.033071205900004]",34.88122487969954,44.13313106329142
4254,"[127.0545831894, 25.05539675870001]",34.89004201698452,44.1156593332682
4255,"[127.0373876506, 25.07050397860001]",34.8955678981924,44.10010056371917
4256,"[127.05621328680002, 25.081522621700007]",34.933230072413046,44.119957867538524
4257,"[127.03382626310002, 25.08753107920001]",34.9338613960708,44.09830753973769
4258,"[127.02234820320001, 25.082470075500005]",34.94957664877825,44.953955138023645
4259,"[127.02540499540002, 25.1074450288]",34.95421985165553,44.959945818612105
4260,"[127.03372415030002, 25.125179468900004]",34.9472483575231,44.97031268556932
4261,"[127.06178746940003, 25.11793988860001]",34.927144014520444,44.99731663256528
4262,"[127.06185264710004, 25.124454547600006]",34.9101694998187,44.99815534912305
4263,"[127.06163201560004, 25.113274187600005]",34.91244345010788,44.99660852012389
4264,"[127.03134080160004, 25.10410761430001]",34.93298499468773,44.96544408039009
4265,"[126.99020319110005, 25.093871807600006]",34.93999936213481,44.92338361523624
4266,"[126.99603615020004, 25.100328776400012]",34.948055071644106,44.92994039972705
4267,"[126.98753305230002, 25.116096312400003]",34.94734327326526,44.923369158522675
4268,"[127.00343557989999, 25.103983279200005]",34.98982029158157,44.93772090240464
4269,"[127.0195251458, 25.0501352547]",35.0292419720081,44.9473455015384
4270,"[127.0319837989, 24.947147441700007]",35.02922146694299,44.94775099070559
4271,"[127.0442298968, 24.87023828110001]",35.04907199971426,44.95113323028418
4272,"[127.0463461624, 24.7822958023]",35.061684024535445,44.94335304002969
4273,"[127.04996190570002, 24.68344738760001]",35.06005862420634,44.93604160903032
4274,"[127.06006945930005, 24.472730370200008]",35.0673921004403,44.92356540521373
4275,"[127.05502781490003, 24.2167510983]",35.084966576771556,44.892502408192755
4276,"[127.0510977513, 23.901621567699994]",35.06503482058178,44.858505861832064
4277,"[127.03481894150002, 23.618631007100003]",35.013557820286394,44.817140097682646
4278,"[127.03821626539997, 23.372022073299995]",35.026798865898456,44.80005078339361
4279,"[127.03095749900001, 23.13204345390001]",35.04367229567723,44.77418360442835
4280,"[126.96672416850006, 22.801919108200003]",34.98854102195482,44.68655704526984
4281,"[126.92477033379997, 22.493276290799994]",34.95075599679242,45.47636677923335
4282,"[126.89030469230005, 22.223460658400008]",34.90644112782556,45.429432628135864
4283,"[126.84838977490008, 21.91643348440001]",34.85131682769379,45.37525571926733
4284,"[126.7762469086001, 21.611659696799997]",34.79595519633513,45.29298594975845
4285,"[126.73128668150001, 21.269795039399995]",34.7585303004113,45.23906137955417
4286,"[126.63963078110002, 20.978001512899997]",34.69191268810836,45.14179106452701
4287,"[126.59672201370006, 20.7146018456]",34.66115644531805,45.095414779429284
4288,"[126.50153749480002, 20.428959499499992]",34.55975215870247,44.998203311541474
4289,"[126.45691734320002, 20.138953970499994]",34.567618945826126,44.953375214275276
4290,"[126.41757080000001, 19.855461738399995]",34.55343267809714,44.91563489931782
4291,"[126.33775519179999, 19.566515038599995]",34.49816692267058,44.83930671337747
4292,"[126.29257967320001, 19.22642213699999]",34.495550847782425,44.80062899140721
4293,"[126.23598395050007, 18.925608242699997]",34.509607509341755,44.751951326460414
4294,"[126.26018787560002, 18.70419412079999]",34.556439273250376,44.78324875963012
4295,"[126.25936171270001, 18.463374918699994]",34.550203414327825,44.47236350249026
4296,"[126.26231939230001, 18.20616800689999]",34.5368079519831,44.49177904133747
4297,"[126.24190615129999, 17.9516219156]",34.571087061802494,44.48917010166054
4298,"[126.17107750040006, 17.674201514099998]",34.55256744478305,44.43956628105723
4299,"[126.15143024570001, 17.36751737659999]",34.58914878591888,44.445251015440434
4300,"[126.13701691940001, 17.0275522751]",34.624885217537084,44.46136845307267
4301,"[126.10363870119998, 16.73046635699999]",34.629020643757656,44.456901283609405
4302,"[126.07037398399996, 16.432080361799994]",34.64007645167885,44.45469592343785
4303,"[125.9865042591, 16.120619919599992]",34.66897295559368,44.405729303011036
4304,"[125.92633564100001, 15.824617812099998]",34.638615961664215,44.3807121081643
4305,"[125.82418107549995, 15.537322425899994]",34.59932573065771,44.31498459989135
4306,"[125.73441035650005, 15.293642831199996]",34.52665912362015,44.257708514209476
4307,"[125.60009960709998, 15.052543534399994]",34.4713344979426,44.15741677328596
4308,"[125.50317201889995, 14.888309601199996]",34.39286204288268,44.08457679364793
4309,"[125.37853124010002, 14.7016008349]",34.310196970802984,43.98833497207707
4310,"[125.26771912910003, 14.5502766145]",34.23290194390996,44.81233892459637
4311,"[125.11866469979994, 14.4984998633]",34.0639850364186,44.67219593548714
4312,"[124.95713599739999, 14.367642525299996]",33.96935444072054,44.53137384747184
4313,"[124.78052026349998, 14.334922043899994]",33.80406908164397,44.36151677215574
4314,"[124.59907770559998, 14.322924210399997]",33.65537782804929,44.18387132247444
4315,"[124.46885878219993, 14.294605790599991]",33.5193405443287,44.05935227659915
4316,"[124.31933822779996, 14.192586448099998]",33.4288608085119,43.92701076283282
4317,"[124.25506980459996, 14.2231275879]",33.337276978941595,43.85883371237177
4318,"[124.08996412049996, 14.163146623]",33.225379115869686,43.70487995031396
4319,"[124.01690694480001, 14.168510171599998]",33.1201839078075,43.63187061824319
4320,"[123.84629436869999, 14.059403507699994]",33.02156438381304,43.48036401794781
4321,"[123.75110618329998, 14.079308866599996]",32.88060205027116,43.383229036946524
4322,"[123.68400158049997, 14.017195334699995]",32.84531307583102,43.32679673647261
4323,"[123.68738028769997, 14.068104126899993]",32.83632223003036,43.322066106876555
4324,"[123.63736705889993, 14.105785703799995]",32.81370668312109,43.266741066353354
4325,"[123.58668417789991, 14.0387522622]",32.85773251219564,43.22729000019339
4326,"[123.51166137929988, 14.0340073789]",32.80277732625996,43.15397753438153
4327,"[123.46371032519997, 14.081061057999996]",32.78160931241711,43.09916145192088
4328,"[123.49165131689999, 14.104779440900002]",32.78895245150872,43.12300196968641
4329,"[123.54286858249996, 14.028950881999995]",32.82766856339747,43.18559172802424
4330,"[123.56556622159995, 14.160372125199997]",32.799597393783564,43.187272770642544
4331,"[123.62191245219998, 14.134954442900005]",32.86769839876359,43.24690119272774
4332,"[123.6328910053, 14.154511476800005]",32.886905800681596,43.25468671915321
4333,"[123.75701313719998, 14.1738396562]",32.993800421722874,43.37428632870862
4334,"[123.80372579299997, 14.105756286400002]",33.07509001000852,43.43104377405177
4335,"[123.8419679556, 14.160999648500002]",33.108160787040774,43.46020450410035
4336,"[123.9181135634, 14.2148826972]",33.186637365361285,43.52711112764222
4337,"[123.98942795399996, 14.167644790000002]",33.284086582954004,43.60485532492187
4338,"[124.14477652730002, 14.201091749700003]",33.4274649801773,43.75320434734012
4339,"[124.28613360819998, 14.0787563155]",33.55180669503494,43.91175455309622
4340,"[124.37594867910002, 14.002329783099999]",33.637541956898865,44.0124051510886
4341,"[124.48939083350004, 14.1479908782]",33.71375237004793,44.10188557989449
4342,"[124.55750528380003, 14.0494588175]",33.78658168182615,44.184382831642864
4343,"[124.63696686720003, 14.022930353300003]",33.86790724425935,44.267001186391646
4344,"[124.7613276212, 14.0183213404]",34.000741090199156,44.39056799989137
4345,"[124.9283216595, 13.932713518100007]",34.14651721078269,44.56886324312645
4346,"[124.95690466560004, 14.045505348599999]",34.140204286195704,44.57959326132463
4347,"[125.04199302520001, 14.004086277199999]",34.25757131702063,44.67005175580378
4348,"[125.08195102410002, 14.112660236499998]",34.30913354014958,44.69289432016554
4349,"[125.14707445110004, 14.1341024972]",34.36372044225692,44.75401152781703
4350,"[125.20481781579998, 14.072208866999999]",34.47005389573861,44.820487880732095
4351,"[125.23493093399999, 14.109212657100002]",34.496085500480305,44.844624405414145
4352,"[125.24831804940004, 14.078373962999995]",34.52127318313976,44.86254088233813
4353,"[125.26698344219994, 14.017884811700004]",34.573700927013526,44.89023277427305
4354,"[125.32676442579995, 14.073885860999997]",34.60047673891838,44.94075686861143
4355,"[125.38519132479996, 14.0459392339]",34.64046632850339,45.002757784182464
4356,"[125.4661241797, 13.914386810000005]",34.71962405272946,45.10295575625136
4357,"[125.4262673315, 14.019941957999999]",34.6843105752976,45.824747524268936
4358,"[125.41274026890004, 13.9940272951]",34.66652417095807,45.81496780710077
4359,"[125.4228490513, 14.003846597099999]",34.65630988000053,45.14038752443016
4360,"[125.31245585719998, 14.083459862099993]",34.567119609736416,45.75745033853538
4361,"[125.24869492880002, 14.004244520799999]",34.51377014987493,45.70543719780587
4362,"[125.18500980390004, 14.0910251628]",34.432899400679645,45.630195106776604
4363,"[125.0716346092, 14.067393125900002]",34.320682682524605,45.521246563763675
4364,"[124.99935911310006, 13.982463762899995]",34.23913223980028,45.46171510337084
4365,"[124.85254339810004, 14.079020357200006]",34.086624312530674,45.302698416185436
4366,"[124.72874969100005, 14.043394666900003]",33.968969869162905,45.185189461489315
4367,"[124.60549910409996, 14.111299226399996]",33.811865357957856,45.175403368986544
4368,"[124.43825563440001, 14.266820843799994]",33.59068038746582,44.98526256445388
4369,"[124.23079903130002, 14.233845912199993]",33.41839380973817,44.78579796465915
4370,"[123.99287228600002, 14.47587118389999]",33.19769301741026,44.51238417168356
4371,"[123.71811816390007, 14.4936332552]",32.96603149454652,44.238254299997806
4372,"[123.42676143750005, 14.566808711299991]",32.6858946005636,43.93901677577768
4373,"[123.15846420860005, 14.688159680899993]",32.43958400759407,43.65507122723966
4374,"[122.87202433860006, 14.740934146399995]",32.15562019687573,43.363912617457885
4375,"[122.61590713360006, 14.742798023899995]",31.879038107226947,43.11061740261601
4376,"[122.32415516390004, 14.799183604199998]",31.57239668025024,42.813644058419115
4377,"[121.97688407570008, 14.859305601899994]",31.2677906351213,42.461248013180665
4378,"[121.63885486950002, 14.850943638899999]",30.995833397903652,42.128673563463124
4379,"[121.32001701570007, 14.8399065879]",30.754987151612173,41.81556112274393
4380,"[121.00898873110005, 14.920669873999993]",30.43785690445186,41.49567957905744
4381,"[120.72512550130006, 14.974083504599998]",30.196413465710304,41.20694641570464
4382,"[120.44873754940005, 15.0596271554]",29.905262265297726,40.92055847568312
4383,"[120.17234455780007, 15.129308287799999]",29.634063856619754,40.63667576593339
4384,"[119.89984912360005, 15.3655105995]",29.31136368566807,40.331155992966956
4385,"[119.61220664400005, 15.645046087000003]",28.97875748644143,40.0052464715948
4386,"[119.27935547710004, 15.7742067476]",28.670550903540526,39.65723333629038
4387,"[119.05163057290005, 15.948020541399998]",28.418738228616736,39.40718313192853
4388,"[118.81897295950003, 16.159545937399994]",28.163760158857905,39.14762045343901
4389,"[118.61907482810004, 16.376038281299994]",27.984729902817,38.92069640939187
4390,"[118.41083934760007, 16.579631879100003]",27.757176440987294,38.6880398469251
4391,"[118.25595369430005, 16.733838944]",27.52316053932222,38.51516584295476
4392,"[118.09897464100008, 16.909266222999996]",27.32705771773906,37.68635850314461
4393,"[117.95757610870007, 17.045183670599993]",27.18203368849856,37.52767248122722
4394,"[117.83660053210001, 17.276095379399997]",27.017285744445516,37.37713171426824
4395,"[117.75086156240006, 17.441014105299995]",26.896162514419075,37.27101574065224
4396,"[117.709463911, 17.641267326900003]",26.80780102578898,37.20525940041159
4397,"[117.70148798599999, 17.8672558802]",26.781454196416604,37.17075121383723
4398,"[117.71484150659998, 18.051061330699998]",26.757557228746915,37.16339666157526
4399,"[117.74446698550003, 18.247889195000003]",26.788125095765846,37.171774980976345
4400,"[117.7552406373, 18.430344063299994]",26.83793382668133,37.16388587633925
4401,"[117.80219953449999, 18.5699012544]",26.90431416393826,37.19699769601554
4402,"[117.85069948479999, 18.710211885800003]",27.08068187032,37.23212776048523
4403,"[117.93410688419998, 18.87034388939999]",27.30336237752438,37.300851204496084
4404,"[117.95209866449997, 19.095637017500007]",27.46400259855726,37.29977420584579
4405,"[117.97645652729997, 19.221109299000005]",27.770283175663664,37.89156583781293
4406,"[118.0821741039, 19.3624217697]",28.183671427570225,38.38482666952742
4407,"[118.12290002500004, 19.5174241573]",28.652658389654906,38.79233254330466
4408,"[118.1207830705, 19.69326257229999]",29.105751104350794,39.67149500453039
4409,"[118.17250210579998, 19.879143899699997]",29.530077062822123,39.843277187745144
4410,"[118.22949228610001, 20.094827498300003]",30.039276034534296,39.47084932974015
4411,"[118.27463974550002, 20.339314095900008]",30.481138110641233,39.08759981336298
4412,"[118.31545855000002, 20.6146819894]",31.015934219556947,38.47071097220017
4413,"[118.40119777429999, 20.87069816539999]",31.555822493087252,38.474193534333914
4414,"[118.47105675420005, 21.09053588280001]",32.11623067458031,39.289428671928356
4415,"[118.51899371060004, 21.330435574699994]",32.611299681440116,40.09500181284822
4416,"[118.54967746179999, 21.602526118000004]",33.07806915335524,40.611423184486725
4417,"[118.5640385569, 21.862221566600002]",33.52243211587627,40.72312687017701
4418,"[118.66051466430001, 22.081063753899993]",34.010751098073904,41.32577627346102
4419,"[118.79304885159996, 22.3160467562]",34.528787156619565,42.237386685257256
4420,"[118.80772247680001, 22.5381718694]",34.98910628745755,42.57945176035864
4421,"[118.73225094489995, 22.79301350310001]",35.354673425030285,42.41709228482286
4422,"[118.63176304879993, 23.05102905050001]",35.75847164064326,43.259240235199506
4423,"[118.47802300959992, 23.240654795700003]",36.08252573844347,43.884258442367
4424,"[118.29995884869999, 23.391241427400008]",36.31921616292436,44.54721794706516
4425,"[118.0523018912, 23.569588656000004]",36.603847292855995,44.22734340627157
4426,"[117.82778159299997, 23.770007971700007]",36.832610295402354,44.870309766841835
4427,"[117.66776648409996, 23.9986568129]",37.01329319929263,45.066886842347635
4428,"[117.51394094059995, 24.224252011500006]",37.21164946226092,44.92716564210226
4429,"[117.3467168238999, 24.4177352383]",37.431777432494734,45.318670076493646
4430,"[117.1638059607999, 24.6286445403]",37.63633451878346,45.64000721648144
4431,"[116.98156143839994, 24.864735532000005]",37.84864370291693,45.1215592644845
4432,"[116.81277012379996, 25.070289087000003]",38.051961284993325,45.921337530648124
4433,"[116.64471956759994, 25.30938897050001]",38.2428192854892,46.574556032249596
4434,"[116.51744230429995, 25.5650934731]",38.39598778142575,46.66383168480003
4435,"[116.45400693549993, 25.8396280672]",38.5690462955784,46.60872951172981
4436,"[116.29858497549996, 26.136459720100007]",38.76369345825589,46.38778740322273
4437,"[116.190571849, 26.325225252700008]",38.92458174293148,46.25084461064011
4438,"[116.06844425469997, 26.541458154300013]",39.059500454929136,46.85915218589763
4439,"[115.94663696279994, 26.757064664000012]",39.19794900809092,47.59106776956332
4440,"[115.70097357929994, 26.91320712380001]",39.459140005727456,47.65381976040195
4441,"[115.48950352159999, 27.032768616400013]",39.675026426409914,47.43367249994325
4442,"[115.28214759479995, 27.10845912750001]",39.911436694852625,47.837478561623335
4443,"[115.09111460219997, 27.187441050500002]",40.15611760849881,47.541062640078785
4444,"[114.87165249949996, 27.213373613900007]",40.36383824337592,48.31720129782069
4445,"[114.71607934079996, 27.1544285768]",40.53326658075518,48.517496791082415
4446,"[114.53558178819995, 27.00908223740001]",40.69334037942669,49.36406498503715
4447,"[114.38107674569997, 26.87176360830001]",40.81434062671075,49.76251381134629
4448,"[114.27645262110002, 26.694552404300012]",40.90650860010595,49.7909019852659
4449,"[114.17711589369996, 26.44592288610001]",40.957890389207975,50.7090306218381
4450,"[114.07200689549998, 26.17519986930001]",41.031684549982835,50.538481457724
4451,"[113.99664296659999, 25.949691284400004]",41.11537758491898,50.957341593793394
4452,"[113.89779161809999, 25.686850653000008]",41.15945466465027,51.267073217902066
4453,"[113.81318720239997, 25.406943033800008]",41.11957272984537,51.589853366212374
4454,"[113.766725143, 25.1133835228]",41.16942730722225,51.72342288377691
4455,"[113.71745398079995, 24.852195739699997]",41.1710810255935,51.402613136352315
4456,"[113.74977237109994, 24.586181523600008]",41.108097021871835,50.87079940218996
4457,"[113.76458613719996, 24.334677343499997]",41.06318062510955,51.16867379485158
4458,"[113.79760633879998, 24.037641096599994]",41.023986882697415,50.90103835241902
4459,"[113.86791678609994, 23.772465901899988]",40.96567605768372,50.67488579544993
4460,"[113.92966517260004, 23.511962076100005]",40.863278426346376,50.31783456007107
4461,"[113.96803793209997, 23.227201850699995]",40.77738724224468,50.93662577052802
4462,"[114.031134648, 22.925437677299996]",40.683827700507806,50.800929411809385
4463,"[114.18061844689997, 22.6521764384]",40.49291306459,50.37700180312378
4464,"[114.25978744590003, 22.324671203399998]",40.38703829309693,49.99344663481299
4465,"[114.33904006059998, 22.0319772338]",40.28941910763971,49.9708029614215
4466,"[114.44425651119992, 21.744142211000007]",40.16790298946482,49.42372952667902
4467,"[114.57186786009997, 21.49040793869999]",40.03160635638375,49.966937889530925
4468,"[114.70258688429996, 21.265790840900003]",39.90036677567385,49.49736043917156
4469,"[114.8233499812, 21.039656912199998]",39.761943521764664,49.87303875523805
4470,"[114.99123908210004, 20.828915804500003]",39.58476447142912,49.40990909795119
4471,"[115.16863571120001, 20.624375283700005]",39.390976964254975,49.858601299886004
4472,"[115.3914285971, 20.406330221900006]",39.156451870650436,49.437072030962
4473,"[115.59835736880004, 20.221532302200004]",38.94419604419836,48.810650150564406
4474,"[115.73953218589998, 19.993713905800004]",38.76242544201741,48.1605701821943
4475,"[115.91370442809998, 19.762921841700003]",38.589692485306855,48.41277651555529
4476,"[116.09401416240006, 19.5697679789]",38.4171861995839,47.721978850847506
4477,"[116.31578706079998, 19.389444436800005]",38.24027752106832,47.14591281172722
4478,"[116.56951999620001, 19.224847259900002]",38.01160424184066,46.95152522472249
4479,"[116.86964311709998, 19.038485429999998]",37.71943872889262,46.24350411103193
4480,"[117.04733956529999, 18.857514028299992]",37.51721900943596,46.153516612538674
4481,"[117.25214702490001, 18.673171147]",37.28202890982625,46.322260610638025
4482,"[117.51048851410003, 18.5075101568]",37.038913551509346,46.662773408468496
4483,"[117.78234724210002, 18.349283988800003]",36.77469617752914,46.22123364246195
4484,"[118.02504898850006, 18.236160765900003]",36.53677179635568,45.496883576383674
4485,"[118.2919776667, 18.1710640532]",36.29124546973266,45.373178267944816
4486,"[118.56598379580002, 18.017298597399996]",36.03055935050444,44.72305295127489
4487,"[118.82739136689996, 17.91920192409999]",35.7319094099307,45.04259764563542
4488,"[119.1035085918, 17.81180053119999]",35.42219702226492,44.374480125959174
4489,"[119.40953521570002, 17.751777116899994]",35.16531685216446,43.801361013583204
4490,"[119.65836111499999, 17.671460419699986]",34.92240886449703,43.78605338723149
4491,"[119.88256492679999, 17.59430015329999]",34.71434803892774,43.779654105668655
4492,"[120.14540658239999, 17.55145827419999]",34.45508570651591,43.173961428972525
4493,"[120.45397111060001, 17.469945374699993]",34.14972764465624,42.50696314655229
4494,"[120.75912782200001, 17.430387148599994]",33.86484366730868,42.474202119395464
4495,"[121.0223643192, 17.375482203299995]",33.579740024697934,41.73584710745057
4496,"[121.30037912049994, 17.37220869829999]",33.26867288730517,41.011601288225854
4497,"[121.59603083520001, 17.31551130839999]",32.967879851901195,40.299952315365935
4498,"[121.84462477269993, 17.34873061079999]",32.71470946139125,39.696328638130474
4499,"[122.11114196569993, 17.419215132499993]",32.40684293811193,38.98556921292601
4500,"[122.37872643010002, 17.47621880599999]",32.13886632018205,39.154448627532396
4501,"[122.6848802911, 17.481359087700003]",31.8431240048031,38.542378859999815
4502,"[123.0301667648, 17.535407094399986]",31.499870408650747,38.004780613932944
4503,"[123.35189816719998, 17.596625913199993]",31.168512560094356,37.85608982483632
4504,"[123.62994659149997, 17.680330429799998]",30.89580040090389,37.302449162797174
4505,"[123.92416033879992, 17.7428069704]",30.58730953587812,37.26108589744122
4506,"[124.2171030099, 17.852569190499988]",30.278321280770776,36.67350856295064
4507,"[124.53187698219998, 17.938172650699997]",29.943116665723373,36.293491812879516
4508,"[124.81883780459992, 18.0005309319]",29.641911334657692,35.96861410333023
4509,"[125.07649219479998, 18.071115841299996]",29.339030333729944,35.6267306424506
4510,"[125.3302984778, 18.131085861699997]",29.05524460916302,35.19862127491167
4511,"[125.6182020735, 18.150430557199996]",28.743969683734058,35.03736776895288
4512,"[125.89140930409992, 18.2406243267]",28.443276600501314,34.770421634843466
4513,"[126.14328254639997, 18.328758009599994]",28.14964100742736,34.564973486810594
4514,"[126.4729309762, 18.404539708899996]",27.84609376502165,34.023412942884306
4515,"[126.81240837949994, 18.500027035499993]",27.496542257438012,34.01753305607967
4516,"[127.11267104789997, 18.595070986]",27.21049871509544,34.14656900086775
4517,"[127.39446290909991, 18.698763787299992]",26.93754172941973,33.575854841115294
4518,"[127.63002290669999, 18.870369755299993]",26.662738083714842,33.47208121946655
4519,"[127.88423516729993, 19.031803902399997]",26.413920649243902,33.725175913476924
4520,"[128.16462538789995, 19.1605412127]",26.09073205977355,33.05149299641792
4521,"[128.42502675359995, 19.334706402299993]",25.852317379487122,32.79937486326929
4522,"[128.67790439799995, 19.508536187299995]",25.57661855675191,33.14737447498701
4523,"[128.9354721844, 19.6814601907]",25.27569192217274,32.73741027631626
4524,"[129.1147524427, 19.882814699799997]",25.049105003458934,31.94518550799958
4525,"[129.33834476079997, 20.0885646856]",24.85331917364337,32.96234288234989
4526,"[129.5812824478, 20.250025317300004]",24.70646647724683,33.057559500263565
4527,"[129.8582214437, 20.421921951799998]",24.504281053940026,32.84294764274161
4528,"[130.11068215089995, 20.64669533049999]",24.34211962576905,33.41590840613329
4529,"[130.37866078039994, 20.901657179300006]",24.271620886872434,33.2987713455994
4530,"[130.71256502569997, 21.157372774199995]",24.255110926087667,32.84596884102924
4531,"[131.03170109619995, 21.399370905000005]",24.24225477408966,32.587416441688696
4532,"[131.31467239840003, 21.733344561599996]",24.20926659342877,32.964087888427485
4533,"[131.64054779269998, 22.082184410300005]",24.297029466000396,32.76081475136226
4534,"[132.0101164955, 22.44443496800001]",24.401574373939912,32.52623220181846
4535,"[132.29607927690003, 22.813073688199996]",24.584725269072873,33.3640391115199
4536,"[132.60737785220002, 23.204530424499993]",24.777612778450276,33.40811701087201
4537,"[132.9291398836, 23.580017247200004]",25.002334207376453,33.25435742565132
4538,"[133.31293651500002, 24.004731524699995]",25.237171107447494,34.318845046741515
4539,"[133.59035721260003, 24.483091488200003]",25.499228995845574,34.05179195931664
4540,"[133.84083307199998, 24.9222656285]",25.800986138739002,34.845717482752804
4541,"[134.14688299410003, 25.321900568900006]",26.09826632960375,35.91829859974824
4542,"[134.39840534889998, 25.7490304884]",26.38253117145256,35.81800966741843
4543,"[134.59420803800006, 26.191269906599995]",26.67189341685769,35.42530872262266
4544,"[134.81118048630003, 26.681447374299996]",26.92578740644089,35.464720198863134
4545,"[135.05977101069996, 27.127698834900002]",27.257598812970016,36.06121586419888
4546,"[135.2567969245, 27.61122768540001]",27.610358194764004,36.26704433652215
4547,"[135.48594004439994, 28.003971542100004]",27.978240235535413,37.4209643648792
4548,"[135.62692983959997, 28.39682704759999]",28.290081686141225,37.37998256414659
4549,"[135.81956447419998, 28.819850742799986]",28.635530341919335,37.0100663317103
4550,"[135.98967726479998, 29.266333756699986]",28.943365468326885,37.124141667351886
4551,"[136.20585109089998, 29.755900690199997]",29.263139919236863,36.669047914263125
4552,"[136.35831126789998, 30.20784753830001]",29.549236554387257,36.96425976400015
4553,"[136.56066898210003, 30.69203293020001]",29.86001332955285,37.04858957705196
4554,"[136.84887152960005, 31.257443100900005]",30.11428959155808,37.18577052282546
4555,"[137.09435437389996, 31.81672495900001]",30.365867619396028,37.30068806747036
4556,"[137.321833546, 32.4036409182]",30.503075585420902,37.536889427496355
4557,"[137.50153642460006, 32.9092885088]",30.775492973066534,37.710268338681765
4558,"[137.67152769700007, 33.3217642939]",30.96416636691345,38.15053030813871
4559,"[137.86615044300007, 33.7455670142]",31.16716779823188,39.033992693536064
4560,"[138.08745750499992, 34.262414812]",31.376115388781777,39.38780063442323
4561,"[138.2045858975, 34.857550318899996]",31.58425602394656,39.835999276687424
4562,"[138.2481384073, 35.4322850222]",31.810780489300456,39.524995626422424
4563,"[138.35665524810003, 35.93833890969999]",32.08551736130205,40.03108093466516
4564,"[138.42471108019998, 36.48924059109999]",32.261572565831045,40.0253172554855
4565,"[138.44379380869998, 37.15279105070002]",32.3347325882959,40.569601391011126
4566,"[138.5000499137, 37.73749928300001]",32.487429062499714,41.28901807052477
4567,"[138.49909121640002, 38.300132046600005]",32.582306745482214,41.1842927496969
4568,"[138.47133280019995, 38.871859244000014]",32.73567095760986,40.94642528028658
4569,"[138.42240012170004, 39.336860518199984]",32.977729232941726,40.924164456043655
4570,"[138.41286396759998, 39.822615421299986]",33.05476782403237,40.93723812329151
4571,"[138.36009391400006, 40.3002101633]",33.09753580116233,41.468880342990424
4572,"[138.27848763030008, 40.8482249028]",33.11400387311683,41.341081655849614
4573,"[138.3180904086, 41.21153396319999]",33.13658867526214,41.35371689675508
4574,"[138.2933281756, 41.58637231299999]",33.085367609353156,41.304631336006494
4575,"[138.19790090249998, 41.89226443739999]",32.97365239637368,41.19195205882889
4576,"[138.1121759733, 42.1581708688]",32.884920325308414,41.09301227512924
4577,"[138.05950226400003, 42.4596056724]",32.800267695659294,41.02733747356488
4578,"[138.02397044539998, 42.74748215559999]",32.70596149934762,40.98141701112118
4579,"[137.9582000005, 43.015829881299986]",32.60115291020375,40.90777817588604
4580,"[137.974634514, 43.3202493383]",32.59075544145565,40.91737354076963
4581,"[137.96663899089998, 43.6453047001]",32.557517551321105,40.90458117741195
4582,"[137.96243576260002, 43.95585699289999]",32.54530016574746,40.89820628857853
4583,"[137.89606703650003, 44.2785781405]",32.46947695961248,40.832079753007974
4584,"[137.85953018919997, 44.563817039999975]",32.41400156757177,41.18093760193792
4585,"[137.84318707689997, 44.842472927500005]",32.391976750607775,41.160908269002235
4586,"[137.8415531569, 45.110299726199976]",32.39897089006907,41.157506958619635
4587,"[137.862391766, 45.399163826299976]",32.40530478043799,41.17839265357689
4588,"[137.86758292260004, 45.64409293739998]",32.41337475332585,41.419046988126965
4589,"[137.91658246049997, 45.87412118719997]",32.39893780946198,41.48188493112756
4590,"[137.95085512999998, 46.153247177999994]",32.454338864518384,41.53467113027352
4591,"[137.93897883809998, 46.4799314268]",32.452316661853494,41.546949608996705
4592,"[137.9584659832, 46.77290626]",32.4784258800408,41.59017461395143
4593,"[137.9587095885, 47.09439152259999]",32.47411921148643,41.618887393502476
4594,"[137.95708590689998, 47.393894321299996]",32.46375357521276,41.64601052235709
4595,"[137.93670133359996, 47.749621957500004]",32.4580681514512,41.66265054758291
4596,"[137.92638698299996, 48.09140731480001]",32.459043426532276,41.69070991523881
4597,"[137.84367941509996, 48.38305262989998]",32.41271276281458,41.64351072634383
4598,"[137.83590263969995, 48.6854348323]",32.408041046836836,41.6741583104451
4599,"[137.7836705990999, 48.9519115282]",32.373978016061024,41.65801481660103
4600,"[137.69792795679993, 49.22760416340001]",32.325647823039084,41.611794567353456
4601,"[137.6301628904, 49.551675567600014]",32.28864889851312,41.59260460556428
4602,"[137.59300761959994, 49.860161918799975]",32.285093919175395,41.60378179526966
4603,"[137.48637501809998, 50.150900875200016]",32.18860507832683,41.54581524506915
4604,"[137.3230589462999, 50.36827021919999]",32.093562361552635,41.421582125384205
4605,"[137.13695206909995, 50.676771682399995]",31.973206012434975,41.29263222561128
4606,"[136.99339040269996, 50.97125981629998]",31.881165181953907,41.20559133969106
4607,"[136.87709723039998, 51.24563624199999]",31.78997199749267,41.143808618731335
4608,"[136.6731715631, 51.56401474280001]",31.686363250464698,41.00715943720605
4609,"[136.53771346869996, 51.8532297801]",31.588029457727572,40.93433655316672
4610,"[136.40464743259997, 52.0271442749]",31.49272272688799,40.841278236969
4611,"[136.2439424076, 52.28634137779999]",31.36115392607956,40.74105316986552
4612,"[136.06776210300004, 52.54542385779999]",31.293858888720074,40.62777835551439
4613,"[135.88860521049995, 52.79151680429999]",31.208298393763997,41.50658497959095
4614,"[135.66330169239995, 53.032004168799965]",31.01898208240012,41.345895735602454
4615,"[135.42013482649998, 53.23905225629997]",30.823397869083855,41.16153500504172
4616,"[135.16459505159995, 53.45883616769999]",30.656480489495767,40.970148183555196
4617,"[134.88619642959998, 53.682273899999984]",30.469446062290952,40.75956356386887
4618,"[134.6384446844, 53.83333779929999]",30.285378123418017,40.56100875373426
4619,"[134.39681000520005, 53.99961718249997]",30.090583916818733,40.37361698910154
4620,"[134.13510969249998, 54.16307689949999]",29.90917050023593,40.167438958260284
4621,"[133.84721077669994, 54.29314059539998]",29.69258054894205,39.92795001050745
4622,"[133.54551395729996, 54.427078216199995]",29.44997287812105,39.677447200707114
4623,"[133.24899787309997, 54.484790240500004]",29.219556395611622,39.41064279771254
4624,"[132.9430320852, 54.588157766699986]",28.937057077180405,39.14890331410404
4625,"[132.61399681310002, 54.71039476759998]",28.67065849236932,38.87181287410173
4626,"[132.26530644329998, 54.82324134260001]",28.408914237728787,38.57433212025081
4627,"[131.9422490375001, 54.89958014270002]",28.15872953887143,38.29095625933554
4628,"[131.6086830788, 54.951019859800006]",27.88177772589928,37.99051196885062
4629,"[131.3298444853, 54.995314258400015]",27.631198037090858,37.74025552236149
4630,"[131.00230769600003, 54.977858636400015]",27.377191276211715,37.42444091572016
4631,"[130.70849212620004, 54.95129679830001]",27.083403079050143,37.13778847072206
4632,"[130.42377500490002, 54.92267430580004]",26.811679867576842,36.8592000370105
4633,"[130.1276187697, 54.92778211410002]",26.51970757290022,36.580971628144795
4634,"[129.8364395719, 54.95442399860002]",26.283841438931002,36.314851532593984
4635,"[129.47987220649998, 54.92944388030001]",25.954808192774298,35.97026206054819
4636,"[129.12618021100002, 54.879810219900044]",25.631772111492854,35.62035278297373
4637,"[128.8283334802, 54.8135029019]",25.362680908663823,35.31754654427566
4638,"[128.51110830929997, 54.7563011277]",25.07299710063357,34.99961746140904
4639,"[128.18996155949998, 54.612746632000025]",24.797489569769972,34.64885984961533
4640,"[127.8812572538, 54.48319637959999]",24.523003739855636,34.31455397964431
4641,"[127.5831325119, 54.345988339300014]",24.217117900676335,33.98764727946754
4642,"[127.30111122049998, 54.194862841900004]",23.950008630901838,33.671277377133045
4643,"[127.00942169319995, 54.0775894854]",23.672213639464623,33.35716258629807
4644,"[126.67781568579996, 54.02744012270001]",23.326881431746713,33.027931856479604
4645,"[126.36086511289996, 53.92052235150001]",23.04047534118911,32.69348506994383
4646,"[126.0071079001, 53.7233336545]",22.676252753485826,32.29408750747398
4647,"[125.75208277109996, 53.573074110000015]",22.410637722616634,32.00355000532733
4648,"[125.50776040529998, 53.405631160700004]",22.150352317443954,31.717531572482482
4649,"[125.2533151112, 53.16394933740002]",21.911634236094773,31.397853591226223
4650,"[125.00625189269996, 52.94274835590003]",21.776775138056852,31.09243194747814
4651,"[124.80943495360002, 52.675763455500025]",21.579104725838743,30.820677902292037
4652,"[124.5391855936, 52.468880574800004]",21.441815432306022,30.499062940020906
4653,"[124.23175329769997, 52.14674471610001]",21.367460494038152,30.10700444530363
4654,"[124.00471032109999, 51.833792515300026]",21.236813808819203,29.795900421666566
4655,"[123.72533513120003, 51.477415056100014]",21.09194294172429,29.25703641801662
4656,"[123.33460643500004, 51.03862346150003]",21.040203022311402,28.74709475518338
4657,"[123.01476406529997, 50.70458859180002]",21.0352848398881,28.543101644100094
4658,"[122.6772625317, 50.37226514510003]",21.032039937664944,28.142932196816332
4659,"[122.39349177950005, 50.0445464227]",20.97936030788567,27.61230056511944
4660,"[122.1296795839, 49.775810847]",20.98410440070578,27.219805177451995
4661,"[121.82848435639997, 49.48446862770001]",20.96101048476182,27.376553643593216
4662,"[121.58598210040005, 49.11898805399999]",20.926166333865375,26.805527040283486
4663,"[121.39212867920003, 48.80977828959999]",20.836624230361505,27.43234684938556
4664,"[121.08192285089997, 48.440535815600015]",20.86348024133367,28.746799658403912
4665,"[120.73192598709997, 48.03585400509997]",20.979598955309697,28.320640611672815
4666,"[120.4328065912, 47.56811873120001]",21.17144588551967,27.9145490660149
4667,"[120.16365123099995, 47.064188498799986]",21.326131371484294,27.384911206974444
4668,"[119.91863159430002, 46.6086683744]",21.557342840605692,27.34519587434604
4669,"[119.69834655400004, 46.149062904699974]",21.76401908042362,27.794894054069903
4670,"[119.43456401399999, 45.741183682899994]",21.980617959534182,28.357360291582538
4671,"[119.22717985090003, 45.286106568799994]",22.182175123728463,28.23020109800816
4672,"[119.11461344389996, 44.77498874820001]",22.460221074307764,28.63721428839158
4673,"[118.99563291329996, 44.2738316883]",22.71755242655586,29.706921638023122
4674,"[118.92897277809999, 43.697540741000005]",23.02016636548785,29.477783209203245
4675,"[118.92659676010004, 43.234274396099984]",23.374019665097013,30.426587305666768
4676,"[118.91696341050003, 42.80753289489999]",23.687163034554523,30.95769646142452
4677,"[118.90945829780003, 42.413465664299984]",24.064993221098703,31.095882797170344
4678,"[118.94798009439995, 42.03608722310001]",24.466282380033913,31.998504035777234
4679,"[119.01820350030006, 41.62655689799998]",24.83046547564901,31.98299564278784
4680,"[119.0700505005, 41.16256099110001]",25.181575133204024,31.87234780204163
4681,"[119.10358709609994, 40.741112583900005]",25.573685300779513,32.369750326748616
4682,"[119.05511697929992, 40.35647634280001]",25.899228064082113,32.842314095333016
4683,"[119.1259556091, 39.8805425485]",26.25733978157408,33.07562501768253
4684,"[119.18182958810002, 39.46107981220001]",26.61771726415318,33.95224313986005
4685,"[119.17708209209995, 39.04159213529999]",26.899563955757934,34.78072207085272
4686,"[119.20454305329994, 38.67275540999999]",27.156552902396143,34.99757116498133
4687,"[119.16538462049999, 38.41278553659999]",27.30508946847357,35.62610085646533
4688,"[119.08266696279998, 38.10033343129999]",27.480419239569347,35.52704567350462
4689,"[118.94218509809997, 37.822648964799995]",27.67701156313678,35.14969631464509
4690,"[118.84769049449994, 37.5547731496]",27.834801707848815,34.88909589668985
4691,"[118.75450726469997, 37.255090886400005]",27.984534265222337,35.18976403214076
4692,"[118.64724566639993, 37.013938304899995]",28.145597319858165,34.90729502820633
4693,"[118.599930754, 36.75574081600001]",28.289749979182925,35.31118935543261
4694,"[118.55276214719999, 36.49171879040001]",28.419614766213222,35.8809577724441
4695,"[118.52163081269995, 36.2230189618]",28.507878177941087,35.95398037154905
4696,"[118.46847434929995, 35.967723338899994]",28.60707845402658,35.90564285386298
4697,"[118.39612171869994, 35.67214901559999]",28.74950322731761,36.718657228918126
4698,"[118.37996363479995, 35.3502866127]",28.886789220199997,36.78350081144562
4699,"[118.40127215909997, 35.05898265299999]",28.96094989397946,36.82133676274746
4700,"[118.45137928959998, 34.78709218129998]",29.063874754761745,36.77077574550859
4701,"[118.46361676919997, 34.49356260729999]",29.14833609307086,37.47726703999405
4702,"[118.53999358819998, 34.22595643949999]",29.154188973728814,38.286788804520334
4703,"[118.61864142229999, 33.958584497099984]",29.192014330663184,38.14642989294481
4704,"[118.66246915809994, 33.7143965086]",29.19468777674193,37.877133784914655
4705,"[118.70603034229998, 33.41543508789999]",29.281011496050127,37.47364872096426
4706,"[118.76968712049997, 33.1743387587]",29.282781348724647,37.80444176996071
4707,"[118.85679613089997, 32.88846989280001]",29.30526405894502,38.4580803913891
4708,"[118.94144482629997, 32.6313236444]",29.289848444845845,38.13322991460233
4709,"[119.05696992669996, 32.3031901729]",29.321301657621934,37.75865101365874
4710,"[119.12808343210003, 32.02260553379999]",29.353206788917223,37.24473030942139
4711,"[119.25629755529995, 31.74495008059999]",29.33972735101499,37.617583218518554
4712,"[119.3529374833, 31.474233276799996]",29.38779302328911,37.312299438032234
4713,"[119.50052742200006, 31.253658506099992]",29.343379655043112,37.39203196681824
4714,"[119.62756045840004, 30.996475473199997]",29.323904519512993,38.020478033127056
4715,"[119.78248565460002, 30.734771889000005]",29.280496732923407,38.81028203776573
4716,"[119.94646028340001, 30.5263742323]",29.224523551813327,38.62727393295085
4717,"[120.18461123270001, 30.3198433141]",29.107957182094538,38.1839544195555
4718,"[120.3823656123, 30.055553586300007]",29.034260958301935,39.1098013774524
4719,"[120.59837943970003, 29.81780134370001]",28.960064311223768,38.71273618888684
4720,"[120.86936102970002, 29.671747864500013]",28.795204944304363,38.14256553616159
4721,"[121.06400355279999, 29.4792961476]",28.700962288899188,37.59206070961006
4722,"[121.28385093850007, 29.278891710900012]",28.60248500703988,36.91675991167469
4723,"[121.47073229169999, 29.112554071000012]",28.4967607869455,36.98945247613774
4724,"[121.67980679439994, 28.9120141599]",28.36666829447457,36.43176312930858
4725,"[121.88241788440006, 28.71370019900001]",28.2673335437138,36.62667999249203
4726,"[122.11336145820003, 28.556384428300017]",28.130084918045778,36.29510749988375
4727,"[122.3808506577, 28.456075602700007]",27.964565101327437,36.747336970887936
4728,"[122.62320935930003, 28.356984349500014]",27.79460760187591,36.53068040578635
4729,"[122.90320373639999, 28.23913278730002]",27.62147002887461,37.07986794573427
4730,"[123.17610533160007, 28.156379514200015]",27.434200093341687,36.61525597186828
4731,"[123.44423708179998, 28.098336631600024]",27.221821027127472,35.888504216290656
4732,"[123.73236503969996, 28.01289776290001]",27.03154586542301,36.746661443434164
4733,"[123.98889072189999, 27.98222149540002]",26.808710700699002,36.16775999791498
4734,"[124.29033388539997, 27.89536692990001]",26.598735712779714,35.53124853638669
4735,"[124.61110634239998, 27.819383201500013]",26.348906568382375,35.529141639817794
4736,"[124.88956848709994, 27.728540907700012]",26.137847985834615,34.80673899139356
4737,"[125.16770017669997, 27.653583760600014]",25.955079655967165,34.040470722595195
4738,"[125.42366181950001, 27.569930498300014]",25.777675689119082,33.87625843011443
4739,"[125.72757015040001, 27.415362348500004]",25.582038892813486,33.9475265794899
4740,"[125.9683964346, 27.408809888700016]",25.360114492938028,31.712541642104455
4741,"[126.2169806197, 27.339270823800017]",25.184376384232593,31.994331059669218
4742,"[126.43719832080002, 27.21968952860002]",25.0186171047474,32.598658853014484
4743,"[126.77456173280007, 27.15244778370002]",24.81739697299724,31.980006760149347
4744,"[126.99993572000008, 27.10390772290002]",24.661886072278275,32.759048233446364
4745,"[127.29305689960007, 27.006781160700008]",24.48643875235025,32.51959123123509
4746,"[127.5599300867, 26.978393964100018]",24.282574726062304,31.922037447059328
4747,"[127.83645050220004, 26.856178031600006]",24.162184182222177,31.9099642924616
4748,"[128.10881570930002, 26.757951777200013]",24.00433702186068,31.743001304321915
4749,"[128.37047128950005, 26.596555765500007]",23.882245399814447,32.1559307450345
4750,"[128.65588700170002, 26.46121499460001]",23.740139247166375,31.86163769316619
4751,"[128.88039959510002, 26.38586445350001]",23.608242754051005,30.738970111429754
4752,"[129.1110279148, 26.232833960900017]",23.545600989635613,31.50857083351111
4753,"[129.30131696990003, 26.09097975910002]",23.45066561402604,32.37844375822465
4754,"[129.55930232100002, 25.981332232000003]",23.37002472916218,31.011136561950483
4755,"[129.74077233860004, 25.84929359440002]",23.342883919893872,32.060991183915704
4756,"[129.93296265210006, 25.779679838600014]",23.24627339983616,32.13735198622661
4757,"[130.12966440300002, 25.666356812500016]",23.14310276257839,31.715581232887757
4758,"[130.29994730270008, 25.606553811000012]",23.03787001304019,31.41933355064954
4759,"[130.45685978270006, 25.53146910490001]",22.973583703931116,30.247010754346704
4760,"[130.6368632224001, 25.455012384600003]",22.86401921539943,31.34371132018763
4761,"[130.7671035072001, 25.3983148331]",22.81496926899424,32.37253954534708
4762,"[130.84243084480008, 25.413251330900003]",22.748944572055375,32.33119879959964
4763,"[130.91024499600007, 25.396313443300002]",22.71504249744757,32.08003665166781
4764,"[130.96110087530008, 25.422338816699998]",22.676405873872373,29.872453343936478
4765,"[131.02578484970005, 25.3834192565]",22.622379022503793,29.160242292211496
4766,"[131.06524272640002, 25.345117503400004]",22.665402890054327,28.758131151736336
4767,"[131.09714029350002, 25.363942183799992]",22.70806112157972,28.794136547716786
4768,"[131.18369909310002, 25.402081944699987]",22.6904549271828,28.882856902588358
4769,"[131.21761877580005, 25.417633551299993]",22.706393560272232,28.91805470086469
4770,"[131.288215159, 25.444009549499995]",22.77033243761826,29.230631993730395
4771,"[131.36302814570004, 25.448846105399998]",22.809849342295124,29.289467730005065
4772,"[131.45109067680008, 25.421335368599998]",22.863586863992687,29.336677275499888
4773,"[131.57161003810003, 25.4241943267]",22.884619288579312,29.428535901854577
4774,"[131.70617713410005, 25.37622794060001]",22.955957721058923,29.776995519930615
4775,"[131.86260971020002, 25.302505188900003]",23.016706237511972,29.788153914440596
4776,"[132.0451333561, 25.19726648450001]",23.06299311251838,29.63555534020512
4777,"[132.2166572974, 25.083976492000016]",23.12015226657465,29.692348337640265
4778,"[132.4158159603, 25.063468748500004]",23.15581299799348,30.508964430418516
4779,"[132.63013108269996, 24.912051451800007]",23.212869386690194,30.18965616068571
4780,"[132.8331121412, 24.8185972431]",23.27783664626757,30.71211738831364
4781,"[133.0944092063, 24.703715558200006]",23.3639938398874,31.094364447405876
4782,"[133.384333653, 24.5301257952]",23.415021333475124,30.734544079834766
4783,"[133.62200207450002, 24.373434463400002]",23.46487331389749,30.133467490858873
4784,"[133.8900347567001, 24.218265246000016]",23.505319767118575,30.570989145709422
4785,"[134.10967931780002, 24.034844593500008]",23.563760952071096,30.18824504405477
4786,"[134.30412840930003, 23.8197037021]",23.618887932279932,30.129066208939705
4787,"[134.516868089, 23.5898077062]",23.630616751009487,30.583747780942314
4788,"[134.75874704730006, 23.373987919400005]",23.65895426025138,30.483472102827882
4789,"[135.01964526330002, 23.15581716919999]",23.707754708549643,30.35707194068308
4790,"[135.21325720840005, 22.960738950600007]",23.758926031731843,30.492346923655276
4791,"[135.4223881468, 22.7771950995]",23.77401072611915,30.495803966752042
4792,"[135.66537882180003, 22.54392365380001]",23.82984915785697,30.581536286249975
4793,"[135.8845423598, 22.328295977800003]",23.85716486127083,30.65917051559326
4794,"[136.11411902440005, 22.014299103400003]",23.883057994827546,30.70620737124438
4795,"[136.29944784810002, 21.7783194664]",23.89990643637061,31.017892205027707
4796,"[136.46399249480004, 21.526312356600002]",23.877317043405085,30.766118534645184
4797,"[136.5888121944, 21.2648342447]",23.865454974456075,31.242989016744723
4798,"[136.7531854213, 20.9786947189]",23.822256406703314,31.26370367374337
4799,"[136.90532314030003, 20.697226351599998]",23.81870102671599,31.278832792975653
4800,"[137.0411185072, 20.444194462]",23.779627838712514,31.294337476184054
4801,"[137.14559100970004, 20.135063584900003]",23.717856440991557,31.260832151161875
4802,"[137.29739918800004, 19.8764709937]",23.72363299660616,31.294356871127786
4803,"[137.45473441830006, 19.591663169399993]",23.745446757625164,31.32548938686981
4804,"[137.572767626, 19.349240558099996]",23.703034140979835,30.523046057220792
4805,"[137.65593640580008, 19.0462183221]",23.61185003643177,30.490589509438838
4806,"[137.70804272450007, 18.785375836700005]",23.51886411585494,30.446965288147073
4807,"[137.76363995760005, 18.502742763199997]",23.46110831837464,30.401442921840925
4808,"[137.8123403406001, 18.2024307177]",23.408247347483876,30.35144450839677
4809,"[137.82455607650002, 17.853387275499994]",23.259588431695903,30.24368945722646
4810,"[137.90331572550008, 17.5359174037]",23.214343684787583,30.217934990622847
4811,"[137.9331494428001, 17.228190542400004]",23.122960854936274,30.151988595867476
4812,"[137.9692622375001, 16.9313894623]",23.014044795016062,30.098273520197456
4813,"[137.95986897600008, 16.596344741100005]",22.890981277882346,29.99297574276467
4814,"[137.89882401550008, 16.3394347539]",22.76264147998506,29.862756648422057
4815,"[137.86007394130004, 16.024642163399996]",22.617313187188543,29.740373863582832
4816,"[137.75815346620004, 15.725155446799993]",22.42955924891787,30.011075997950137
4817,"[137.66701915530007, 15.508845537]",22.238116492700538,31.10899189436459
4818,"[137.58593995020007, 15.214119763799998]",22.062738782484924,30.613951604588284
4819,"[137.53278709670008, 14.927751218599997]",21.93094743613191,29.934419549777814
4820,"[137.47806789250006, 14.621752927499994]",21.779572787568224,29.245658526115722
4821,"[137.37190552140007, 14.343099326999996]",21.58823467630872,28.86180986022733
4822,"[137.25425931680005, 14.010096233700006]",21.397558211173074,29.638833433624523
4823,"[137.15881746140002, 13.712494523299997]",21.245961052355984,29.48819173057679
4824,"[137.0325748051, 13.530543878599994]",21.05073732654234,29.33058393091113
4825,"[136.86880200130003, 13.268712359199997]",20.806451239736504,29.122862259615623
4826,"[136.70375513610006, 13.008908241899997]",20.60691479163141,29.713296112285004
4827,"[136.5234315517, 12.7573117114]",20.357018482246737,29.270738720084136
4828,"[136.31503655040004, 12.4999730048]",20.10991400408175,29.013278003828773
4829,"[136.11158416619998, 12.245404577099997]",19.832705294715648,28.762718339981497
4830,"[135.89215421829996, 12.026688363699996]",19.54686316961967,28.504859253980104
4831,"[135.70123502700005, 11.782419800499994]",19.328214444405443,28.271320959193282
4832,"[135.46546655640006, 11.590890908699997]",19.052773192876742,28.004570089694155
4833,"[135.21943012560004, 11.389292698699997]",18.800163815217974,27.726712492892208
4834,"[135.0205074415, 11.212806710099999]",18.56335551180217,27.500410270377415
4835,"[134.8135467477, 10.953236048899996]",18.34898394293548,27.253358571246057
4836,"[134.5729378958, 10.783361373999997]",18.120429157190888,26.988789540265376
4837,"[134.30412211439997, 10.578041803299998]",17.855795519618397,26.691601005484983
4838,"[134.04381010159995, 10.387603191700002]",17.593418327203086,26.405972012115274
4839,"[133.72773235539992, 10.2215141452]",17.273348848157962,26.0693976559212
4840,"[133.43189085929995, 10.0731186015]",16.952263568691357,25.75583542259789
4841,"[133.1091657567, 9.9889683781]",16.671100575953254,25.424668936280213
4842,"[132.79299188459999, 9.921746596299995]",16.36789421637135,25.10232301556911
4843,"[132.51203369179999, 9.856906483900001]",16.075422872288694,24.81521961946174
4844,"[132.16666573210003, 9.820659243899998]",15.739785307015675,24.468102239067633
4845,"[131.84545067649998, 9.764973510700003]",15.390936675511188,24.142331253977847
4846,"[131.51323792770006, 9.742134249500001]",15.070197268184653,23.81004237620085
4847,"[131.1611045263, 9.758441881800001]",14.76271759417848,23.463349920908794
4848,"[130.8282099477, 9.810946711900005]",14.489741312240279,23.140952099936808
