,flock_gcm,avg_sheep_dist_from_gcm,furthest_sheep_from_gcm
0,"[132.1621027647999, 120.27973234339998]",77.15409941513305,124.75328916111913
1,"[132.16170924119996, 120.3454331277]",77.11219422651052,124.71912177728247
2,"[132.18397600559993, 120.39352531429996]",77.04866292339277,124.71346962677033
3,"[132.21909438579996, 120.4418528204]",77.02893992719538,124.7187430179198
4,"[132.24427955249996, 120.4699114683]",76.97587635848701,124.72593226973525
5,"[132.26909680879996, 120.5104685343]",76.9721125891317,124.7264000832981
6,"[132.29079902059996, 120.55781397869998]",76.92852729233773,124.72072955112728
7,"[132.3343753483, 120.6014564398]",76.90946357908693,124.73576015113933
8,"[132.35409816050003, 120.69455303330001]",76.88085731604473,124.7050062451142
9,"[132.3874636857, 120.72960737659997]",76.82583693813143,124.71572913962939
10,"[132.39153885509998, 120.81810211460002]",76.75902267517013,124.67397650947716
11,"[132.39286434429997, 120.89979400580002]",76.70098864294481,124.6333821601293
12,"[132.39037235330002, 120.98628823390001]",76.68320766692153,124.58709494859595
13,"[132.37852579129998, 121.08912191000002]",76.6420284719748,124.52447548301502
14,"[132.39860626319995, 121.181740103]",76.56459020286809,124.49459240209
15,"[132.37757102300003, 121.2487573411]",76.53191537077541,124.44238696667264
16,"[132.35807228139996, 121.30170719739998]",76.52962790697336,124.39867316552471
17,"[132.3735640617, 121.36769198070002]",76.49905521771356,124.37848688817422
18,"[132.4328749964, 121.44476587269999]",76.45860685310727,124.39046893246497
19,"[132.45226133279996, 121.51490201220003]",76.41855768135895,124.37162016779058
20,"[132.47974137959997, 121.57255295450003]",76.40513857397595,125.35753292751674
21,"[132.4744618073, 121.61244579049999]",76.40507566233615,125.33275267833442
22,"[132.4839408671, 121.65888498530003]",76.35018875476604,125.31738665636138
23,"[132.51321204860002, 121.7226261551]",76.3195160305739,125.31034475806602
24,"[132.485696929, 121.7480358097]",76.27876952581639,125.27375309132594
25,"[132.47441125369997, 121.81446299960002]",76.24899686870485,125.2304081469303
26,"[132.4639657113, 121.9095937031]",76.1818919237814,125.17330395370242
27,"[132.4232680781, 122.02379047000001]",76.18025159280111,125.08050773916645
28,"[132.4262188477, 122.1217708853]",76.12554690483677,125.03363103151611
29,"[132.4428230635, 122.1965248157]",76.07535465039476,125.01030598555208
30,"[132.4663905616, 122.28824415160001]",76.09029030569378,124.98450681344399
31,"[132.47093850060003, 122.4273716499]",76.0377445697114,124.96210006783627
32,"[132.4684438753, 122.50270793219997]",76.00239113703357,125.14855965196416
33,"[132.50619467550004, 122.56411987839999]",75.94736595934891,125.36977494395238
34,"[132.49932824960004, 122.65255575249999]",75.88335890960121,124.83016494234818
35,"[132.44164568300005, 122.7814655006]",75.80149633637043,124.71571550680977
36,"[132.43993879210004, 122.89721062280002]",75.74765961659693,124.6863434717807
37,"[132.45098738520002, 123.0009951493]",75.69964486353295,124.61416353416602
38,"[132.48370776460004, 123.11526612009999]",75.65473721142592,124.58558094204732
39,"[132.49933167100002, 123.24518621520001]",75.60594418012721,124.5344912359329
40,"[132.57038071950004, 123.38213048850002]",75.56596666044555,124.52815413155517
41,"[132.58082001719998, 123.5173252645]",75.49827079642255,124.72428709966096
42,"[132.59746909210003, 123.65392466239999]",75.4278872935659,124.6701871885322
43,"[132.62503922460002, 123.78939916570002]",75.35777710250716,124.626235271299
44,"[132.67470948280004, 123.90062616000003]",75.29152171926796,124.61367589292612
45,"[132.70009775460002, 124.01903535390005]",75.25356584065929,124.57660408408289
46,"[132.72590924500003, 124.15280208340003]",75.20599976361679,124.53236337139519
47,"[132.78725294360004, 124.31344309309999]",75.18095225041492,125.4806394887791
48,"[132.83341034400004, 124.4303616633]",75.1350188759284,125.46250701541643
49,"[132.87279437600006, 124.5862035469]",75.1206752042279,125.41930548884334
50,"[132.96664658170005, 124.70790933360001]",75.0843667381014,125.44051945442014
51,"[133.00849262560004, 124.84901882290004]",75.05700555702573,125.40711487030678
52,"[133.0926392931, 124.97532567830004]",75.01737717537722,125.41797496213697
53,"[133.13860029320003, 125.1681649569]",74.9424615578861,125.36305067749633
54,"[133.14976710210004, 125.36100672839997]",74.89572600249697,125.27809071293683
55,"[133.2206122745, 125.5265425125]",74.88163870064488,125.25877910017967
56,"[133.28985698539998, 125.66957177749998]",74.89612540994344,125.24930934053911
57,"[133.36260550650002, 125.81062631629997]",74.90017137513166,125.24406242084297
58,"[133.41558723510002, 125.94618262009998]",74.91725142394606,125.40640396070336
59,"[133.43403634870003, 126.13998112309999]",74.87204482600548,125.32988185326607
60,"[133.4701662844, 126.29862194980002]",74.86340471361663,125.28591640434895
61,"[133.4912009957, 126.46434545710001]",74.81228135539214,125.22549970547252
62,"[133.5553059888, 126.61150882289998]",74.83270295459528,125.21199635131096
63,"[133.5785254639, 126.73923323380001]",74.86572230117082,125.1718903319834
64,"[133.63318507249997, 126.90914260199996]",74.84210541603917,125.13967792462525
65,"[133.73005796969997, 127.0703923907]",74.8376661770152,125.14902659275606
66,"[133.77002499599996, 127.28718331910001]",74.80140116764643,125.08233228760834
67,"[133.85728110509993, 127.48930966090002]",74.76955548185293,125.06464404428002
68,"[133.90547028269992, 127.64955856940001]",74.76992986705982,125.03233302664863
69,"[133.98476249689992, 127.84923591520001]",74.68898590378986,125.00940873871552
70,"[134.01076815559998, 128.00773863020004]",74.65183862552202,124.95875675366489
71,"[134.05385792509998, 128.16111892730004]",74.65824286574028,124.92580433728902
72,"[134.1101544654, 128.35955446580002]",74.66288396755075,124.88394802292255
73,"[134.17852040369996, 128.54522584090003]",74.64874180461534,124.85900884096318
74,"[134.2701254164, 128.738636226]",74.61824945538383,124.85147446917176
75,"[134.3440788966, 128.93215544369997]",74.57747631702834,124.82855938672773
76,"[134.45339808110003, 129.1257192967]",74.52390349463242,124.8374411748485
77,"[134.5230283338, 129.3012642325]",74.49607504265313,124.81954832468713
78,"[134.6250633034, 129.47115034149996]",74.46311428614463,124.83339050369041
79,"[134.6999187501, 129.65157885469998]",74.41489923267929,124.8185347457826
80,"[134.8412711324, 129.75450579710005]",74.38915703964996,124.89825958600228
81,"[134.89814226850004, 129.94949077520002]",74.26552936227793,124.86134444617007
82,"[134.9641292388, 130.09125278470003]",74.22644684194896,124.85673434494134
83,"[135.0483074294, 130.26693037160007]",74.16398476826957,124.85344400768777
84,"[135.09636446970003, 130.4599846298]",74.14748140496376,124.81037743630704
85,"[135.1845055537, 130.62858611250002]",74.09010115835244,124.81438579587645
86,"[135.2853621944, 130.81147715589998]",74.02742092465793,124.82376584476594
87,"[135.4007279357, 130.99129457589999]",73.94960844348147,124.84787283786844
88,"[135.41594776200003, 131.16002615719998]",73.83092268043676,124.78725615217084
89,"[135.59348139889997, 131.31072772999997]",73.77732327294102,124.8806330176329
90,"[135.69904031599998, 131.5199979117]",73.70704122439183,124.88405232214642
91,"[135.78527895790003, 131.67201024679997]",73.61496182199514,124.89542028311368
92,"[135.94790004760003, 131.8710861498]",73.56860325561428,124.41369722866507
93,"[136.03459206770006, 132.02701050910002]",73.527970688366,124.42317575758082
94,"[136.10504618800002, 132.15962440930002]",73.41716963328572,124.4284900506368
95,"[136.2528538297, 132.3099061304]",73.3533044624066,124.49590626537925
96,"[136.41246700619996, 132.48022875310002]",73.31863315536093,124.56557784009354
97,"[136.47802770150003, 132.58534221400004]",73.21867521128004,124.57908020949068
98,"[136.52899803300002, 132.71805226750004]",73.19814789361264,124.56762022824233
99,"[136.5643022288, 132.8763695541]",73.11168718309725,124.53114790075396
100,"[136.6261926109, 133.056764234]",73.07238453114331,124.50939592380152
101,"[136.6397139479, 133.20986443830003]",73.05413558596972,124.45591864720626
102,"[136.6762350889, 133.3486075621]",73.02659984442381,124.42953813764919
103,"[136.6535023888, 133.48660233910002]",73.01227254873277,124.35004494321247
104,"[136.6714846984, 133.6115872787]",73.0052455607085,124.31303735128822
105,"[136.6901677555, 133.75594890460002]",73.02690378535723,124.26854894165432
106,"[136.6012355047, 133.8937123454]",72.9788424204186,125.09907631877819
107,"[136.63872935870003, 134.0390741442]",73.0162635880681,125.07175003624798
108,"[136.56182208129997, 134.15718611670002]",72.96453622788943,124.95226182275738
109,"[136.6095966964, 134.31451558430004]",73.03418398427385,124.92950774800569
110,"[136.6036535876, 134.49841665140002]",73.0445146449883,124.84705860031548
111,"[136.50862711279999, 134.62791108350004]",72.9320683290561,124.7065940419574
112,"[136.49135351699996, 134.7409826869]",72.92239483474046,124.64369289744742
113,"[136.44885301869996, 134.86826644140004]",72.91653218256772,124.55201117974698
114,"[136.38868597079997, 134.97709232370005]",72.8823829042213,124.45201408025126
115,"[136.29437311169994, 135.03893519100004]",72.81115867803842,124.34052618290646
116,"[136.25179359259997, 135.1367775694]",72.78811400953806,124.26114348169533
117,"[136.21898017859996, 135.2083118666]",72.77375035527164,124.2016001490503
118,"[136.16774078269995, 135.291898701]",72.76432533278182,124.12031396153623
119,"[136.1424813460999, 135.34411974740001]",72.7488612976723,124.07568859062594
120,"[136.1594984561999, 135.4027431753]",72.80415826704079,124.06691168073313
121,"[136.09256374339992, 135.43324900930003]",72.74713247521944,123.99335316386274
122,"[136.05031642809993, 135.48210699620003]",72.73011844784375,123.93468003182099
123,"[136.02041031169995, 135.56959702090006]",72.75522200608056,123.8712889086148
124,"[135.96798925889993, 135.63446556500006]",72.74485071524282,123.79676069433984
125,"[135.82457302639992, 135.7061031489]",72.68513083872172,123.63656246021426
126,"[135.71849396339996, 135.7522285716]",72.65278307748565,123.52090263274897
127,"[135.61551345809994, 135.79944293699998]",72.62692764877964,123.40761570136809
128,"[135.59365284099994, 135.85390791249995]",72.64992323657796,123.3652312145823
129,"[135.47874530649997, 135.88709292619998]",72.58439607349537,123.24686639286888
130,"[135.38456906089996, 135.92929582009998]",72.555429588284,123.1436671587199
131,"[135.2409911735, 135.98171099849998]",72.48099336074702,122.99125382943345
132,"[135.19760953649995, 136.01488328489998]",72.48443126024885,122.38913263172398
133,"[135.08918980599995, 136.0325746932]",72.4142187288445,122.2828815173036
134,"[135.06167220569995, 136.10170820559998]",72.49055268690023,122.22128595840891
135,"[134.99896528089994, 136.11194211029996]",72.49065269131025,121.60310370239685
136,"[134.85879771809996, 136.0839402002]",72.44753128803632,121.0401142060952
137,"[134.7711074976, 136.07050064019998]",72.391851896593,120.53731344505795
138,"[134.70698959269998, 136.07454013719996]",72.35549005965507,120.13272665707868
139,"[134.59191474060003, 136.09226285589997]",72.33080445117197,119.81755796003628
140,"[134.4552228487, 136.08896582999995]",72.24500024179329,118.89266448759854
141,"[134.33535935900002, 136.0435000437]",72.13242385547643,118.55631059294679
142,"[134.21515068429994, 136.01872343730003]",72.09361983972708,117.82728786834463
143,"[134.0819546403, 135.93885175809993]",72.06368950509062,117.40703098223688
144,"[133.9490426795, 135.8611159043]",71.96044362081074,116.88845382071266
145,"[133.8137979125, 135.79207416479997]",71.891283992418,116.54472944989605
146,"[133.67370565780004, 135.7270777913]",71.80953666372285,115.64946522250158
147,"[133.6397980365, 135.63952925349997]",71.77544517123037,115.47766102065819
148,"[133.5321350986, 135.56975076450001]",71.69342548986259,115.41597355648997
149,"[133.44170302639998, 135.4965239591]",71.60366189438277,114.64704500471625
150,"[133.33856509450004, 135.46305230420003]",71.58756007952194,114.42843503623578
151,"[133.241605357, 135.43928118939996]",71.46666309610481,113.81730754793186
152,"[133.17250090819996, 135.43212616569997]",71.39577512173373,113.88308698221275
153,"[133.11779807689996, 135.4062849013]",71.28732554502474,113.93067740406833
154,"[133.05910822369995, 135.37390960069996]",71.17407669421112,113.98071877694929
155,"[132.9543172821, 135.3923188252]",71.08441493483875,114.08698323951144
156,"[132.8708587096, 135.39225426089996]",70.98854618435473,114.16835230668393
157,"[132.86071848869997, 135.35042569220002]",70.86838683856519,113.94760543151385
158,"[132.77851872899998, 135.3108521082]",70.77772685318321,114.01776372592349
159,"[132.74003191119996, 135.26705713849998]",70.7078990555995,114.04451421581811
160,"[132.68926431359998, 135.26379839739997]",70.65994687250429,114.09299054127433
161,"[132.66289785099997, 135.2683439695]",70.62525305360118,114.11967427909629
162,"[132.64742636609998, 135.2294008467]",70.5411099845659,114.1252898060887
163,"[132.6661601345, 135.23992937580002]",70.45906547460636,114.10964905619235
164,"[132.63481309609995, 135.19901478040003]",70.38728730431119,114.1302073411151
165,"[132.64378190619996, 135.19811817540003]",70.33768068184207,114.12128666362509
166,"[132.63366835939996, 135.15082674570002]",70.21373708890188,114.11972009385383
167,"[132.6324796996, 135.18053052270002]",70.15196067964447,114.12802086917236
168,"[132.62834055749997, 135.11723769680003]",70.06393984350001,114.11681876998983
169,"[132.63513048489997, 135.08869990670001]",70.0087503885302,114.1033758100409
170,"[132.6495134138, 135.04737713299997]",69.93003078793365,114.07950247434172
171,"[132.66289830699998, 134.9979513942]",69.8782643548877,114.0546707565884
172,"[132.66760976639998, 134.9574437338]",69.80057434052337,114.04040966210569
173,"[132.68741324419997, 134.9268530894]",69.76147555252305,114.01387268507376
174,"[132.6761783388, 134.89070888920003]",69.68734410805554,114.01615960729382
175,"[132.7033362079, 134.85872804480002]",69.65841497998434,113.98216253969045
176,"[132.69809786159996, 134.81773963569998]",69.58597455122796,113.97749336324523
177,"[132.74073778629997, 134.78044037560002]",69.53102249522847,113.92720803348428
178,"[132.76014700019996, 134.73931728499997]",69.46435701102708,113.89858766381973
179,"[132.8111165787, 134.6345533333]",69.3825997777842,113.82424483471269
180,"[132.83015137809997, 134.59335659849998]",69.3059040327769,113.79600970637968
181,"[132.85831973969997, 134.53206635489997]",69.2032720884084,113.7541698879346
182,"[132.87393815629994, 134.47546868619997]",69.11830250227086,113.72565655520121
183,"[132.91028478619992, 134.44896080489997]",69.1099534864974,113.68409295166425
184,"[132.93417991429996, 134.38928350559996]",69.03421148249438,113.64684214871156
185,"[132.97284521069994, 134.3459668219]",68.94764335511954,113.59909222010457
186,"[133.00202741759998, 134.2712498069]",68.86910140132905,113.55322123650075
187,"[133.03939527589998, 134.2167578628]",68.80235037504539,113.50415094665142
188,"[133.0558704725, 134.1494050849]",68.71120399819158,113.47241700013306
189,"[133.10213568369997, 134.06721936259999]",68.61989172897627,113.40829443198439
190,"[133.11682746009996, 133.99734707669998]",68.55068619751084,113.37778213363092
191,"[133.16420918269995, 133.95562296200004]",68.4834828290435,113.3220204344614
192,"[133.18929294339995, 133.9052227706]",68.40512429674054,113.28595268521251
193,"[133.22307329089998, 133.80222725289997]",68.32904266799693,113.3024935455866
194,"[133.2919817664, 133.7368707947]",68.28265008329363,113.22104182234054
195,"[133.3144663802, 133.65535381189997]",68.21546587472324,113.18144015998965
196,"[133.35560456309994, 133.57160417249997]",68.12055094347318,113.1231915407562
197,"[133.36891671929993, 133.48575974340002]",68.05995094574898,113.09171557169694
198,"[133.41723634029995, 133.4290375739]",67.9713133858435,113.55166591368786
199,"[133.42200011779994, 133.33660801450003]",67.89799973106858,113.52664422788446
200,"[133.44028700189995, 133.288066328]",67.82926774091361,113.4981319702411
201,"[133.45384338909997, 133.2314907162]",67.77696106587578,113.47249000999331
202,"[133.5027697321, 133.13077145689996]",67.67440357188428,113.40270654422469
203,"[133.5028210052, 133.0608222992]",67.62516900436258,113.38739443321425
204,"[133.5080717836, 132.973126897]",67.54071158334976,113.36319293524915
205,"[133.53731383029998, 132.92954479360003]",67.45893634320291,113.32518993854957
206,"[133.544906105, 132.8997090045]",67.41717094699742,113.31131160715563
207,"[133.59166182170003, 132.82770286139998]",67.3443521353206,113.25008414398427
208,"[133.6080996496, 132.77841478820002]",67.33187286025354,113.22339233689024
209,"[133.67033956550003, 132.73768777870004]",67.2833965345243,113.15383539409073
210,"[133.70781398699998, 132.6686687591]",67.24242107263788,113.1023841399167
211,"[133.70341292909995, 132.6316485581]",67.19193984318173,113.09872992078161
212,"[133.71759776759998, 132.6025420708]",67.1433736419803,113.07863070617881
213,"[133.74857940659996, 132.5729305441]",67.10786410076004,113.04202216565713
214,"[133.76776392249997, 132.5155376902]",67.0536543083189,113.01099897280626
215,"[133.73154451439999, 132.48279330409997]",67.0208901143539,113.03938733039544
216,"[133.74971037549997, 132.38742368849998]",66.94412722295327,113.00131860306539
217,"[133.76903766979996, 132.30878060799998]",66.86909393701357,112.96573111382598
218,"[133.7115145213, 132.2514708451]",66.79201815490183,113.35378679697843
219,"[133.63151279589994, 132.17111576339997]",66.73133026153647,113.41600754943065
220,"[133.59054748879996, 132.01290623239996]",66.58657419174573,113.42452772790614
221,"[133.56069176609998, 131.8559092834]",66.42440941854262,113.42263232140337
222,"[133.50513133209998, 131.70942345269998]",66.23911800774846,113.44823057084551
223,"[133.42381307289995, 131.5899797165]",66.08900423424993,113.50458005761999
224,"[133.3808039219, 131.42203399189998]",65.92875232589512,113.51409643037853
225,"[133.2958696273, 131.2462105603]",65.73407042631472,113.56350579707998
226,"[133.2301455262, 131.07215896609998]",65.5372061795833,113.59470865003067
227,"[133.12039255910003, 130.91700069339998]",65.37748119898295,113.67301402749743
228,"[133.0308165092, 130.80683917980002]",65.23113223632971,113.74021475848282
229,"[132.95268707339997, 130.65785694479996]",65.06059150080453,113.78905767110969
230,"[132.8882266634, 130.47091605579996]",64.88571746199422,113.81767058184428
231,"[132.81613450099996, 130.3109408756]",64.72167823265639,113.85906583905611
232,"[132.73823660999997, 130.17793298329997]",64.59003901986041,113.9113352130672
233,"[132.752443329, 130.05970839949998]",64.4812633191526,113.87588383581944
234,"[132.72755211889998, 130.0088494836]",64.4226287823348,113.8911600370563
235,"[132.71165779209997, 129.93604523719995]",64.36406252119316,113.89365860912274
236,"[132.69071316069997, 129.8845362282]",64.33592629399378,113.90499739166673
237,"[132.67858069149997, 129.86436748309998]",64.311114024382,113.91331189647144
238,"[132.68109126009995, 129.79263100990002]",64.25688160544583,113.89799179978127
239,"[132.66711313909994, 129.76965163670002]",64.2268433929495,113.90763803927724
240,"[132.68083036799996, 129.74799394060003]",64.18019249267918,113.89027466474765
241,"[132.68357155919995, 129.74562201470002]",64.16499920922816,113.88715422274477
242,"[132.71570442509994, 129.65034122100002]",64.12471845603007,113.83856998082368
243,"[132.70125187349998, 129.60534852170002]",64.07498214406873,113.84480836538121
244,"[132.68966475929997, 129.4737632173]",63.95675808211441,113.83296248042384
245,"[132.70603856489998, 129.3687415791]",63.85519768069035,113.79839178203292
246,"[132.703675036, 129.2549164382]",63.79779131084739,113.78082550433578
247,"[132.70708227900002, 129.2368647692]",63.77346497209599,113.7743255681772
248,"[132.6808041343, 129.2297780661]",63.7710775069734,113.79896875659722
249,"[132.64564336430004, 129.15503084009998]",63.680593051887335,113.82061212593298
250,"[132.62442052850005, 129.1383890894]",63.667990478787914,113.83863064391429
251,"[132.63316859329996, 129.0539893511]",63.622065878018155,113.81542825109821
252,"[132.6169412583, 128.96792102720002]",63.5567352304273,114.71290174996605
253,"[132.55762276860008, 128.80172323329998]",63.431965632917645,113.4657515069004
254,"[132.55725744199998, 128.7019659387]",63.33440381503913,113.44817633485077
255,"[132.58878493440002, 128.60400938699996]",63.27034107196138,113.39962726618698
256,"[132.5887487216, 128.46775585119997]",63.172063567641345,113.9061990797963
257,"[132.6052999187, 128.44252912779996]",63.14693517008999,113.88560102620959
258,"[132.5952592228, 128.4049813173]",63.11540035504318,113.88912411583827
259,"[132.62057379299998, 128.40351421960003]",63.11123559449629,113.86392730725063
260,"[132.60612537109998, 128.3992650901]",63.09249740910152,113.8774462253309
261,"[132.61781687559997, 128.36118506420001]",63.08568162763841,113.85947478826245
262,"[132.59479624009998, 128.3484290611]",63.049822671040936,113.88000646740016
263,"[132.63534590219996, 128.29710240439996]",63.051565536399856,113.83137194418741
264,"[132.67535282519998, 128.21553674799995]",62.986299110510245,113.77820410253008
265,"[132.6659452491, 128.16764486439996]",62.93782728391992,113.7794408329545
266,"[132.71188261389997, 128.10576847839997]",62.87076602653058,113.7237945633117
267,"[132.74014100149998, 128.04093466909995]",62.835545027073856,113.68511212592647
268,"[132.79629421759998, 127.97714857699997]",62.764156035442284,113.61912749863568
269,"[132.82085392819997, 127.94194106509997]",62.72587417407833,113.58906285399354
270,"[132.82430769389998, 127.94271192309996]",62.69522753804784,113.58578485084303
271,"[132.8278940511, 127.87785195349996]",62.67294836384667,113.57150442299657
272,"[132.84518058820004, 127.78984180609997]",62.60530057476993,113.53993284762934
273,"[132.83177698680004, 127.65352774669996]",62.5173555320569,113.53079319491901
274,"[132.84781517309997, 127.45325070149998]",62.35851149670034,113.4824025909657
275,"[132.84801581639994, 127.25999244559998]",62.18942720285891,113.4511040798823
276,"[132.83791683529998, 127.11842516369998]",62.04671002529952,113.43849629825024
277,"[132.8192614538, 127.0744251796]",62.00279292120972,113.44993408439697
278,"[132.85953723619997, 126.93526001159998]",61.910994955804696,113.38819029438294
279,"[132.8017353701, 126.8579210834]",61.87392976536528,113.43313741929438
280,"[132.8413542419, 126.82736310760001]",61.88693976259922,114.31754444875023
281,"[132.81445003500002, 126.8130823244]",61.82264592465808,112.6820417715305
282,"[132.8176808593, 126.78356927459998]",61.7969636331768,112.67375367564647
283,"[132.7753725777, 126.76246643049997]",61.789497933154614,112.71178006566026
284,"[132.79638587219998, 126.73425086609997]",61.7999424222096,112.68621379701588
285,"[132.8009199224, 126.71895322339996]",61.79351254980729,112.679110842395
286,"[132.7863348357, 126.73063423929997]",61.78336849183227,112.69549081494536
287,"[132.79574330059998, 126.69481259939998]",61.74838086911363,112.68005327584261
288,"[132.8113329582, 126.6616606703]",61.738807307006184,112.96999908497659
289,"[132.79607966369997, 126.63296827139999]",61.724524068681994,112.97983917335384
290,"[132.75423306250002, 126.60245437600003]",61.71501813358369,113.01552184135934
291,"[132.74749849360003, 126.58240863930001]",61.7168154747763,113.01855031936026
292,"[132.75724124450002, 126.56060851570003]",61.71555917104522,113.83938481491391
293,"[132.74798032680002, 126.56340242880002]",61.71665426637771,113.84900164190066
294,"[132.76860469750002, 126.54805179080002]",61.71871520411653,113.82590596208443
295,"[132.78780799400002, 126.5095448373]",61.69446675940903,113.79995539594911
296,"[132.79226077860002, 126.50132452650001]",61.68744577413509,113.79406957185196
297,"[132.80748957440002, 126.4794127897]",61.68784909011915,113.77508013114162
298,"[132.80077063550004, 126.4612180518]",61.68942558698716,113.77835102793296
299,"[132.77496749400004, 126.43901336859999]",61.69480650457005,112.93266945603615
300,"[132.78414475340003, 126.42939303250002]",61.706072362151616,112.92185328363023
301,"[132.78221468090004, 126.42256103460001]",61.69949408559841,112.92247054529552
302,"[132.80364268820006, 126.41372433580001]",61.70134406875728,112.89976753022574
303,"[132.85398404040004, 126.38847137679998]",61.70025678754314,112.84559149927969
304,"[132.87097056210004, 126.33953419119999]",61.644214662866446,113.43166169327057
305,"[132.86693531600008, 126.31666960279999]",61.627690293070536,113.43120036111942
306,"[132.85785633410006, 126.2801419696]",61.61104624750732,113.43305618512137
307,"[132.88474563390005, 126.2762092411]",61.60708799386387,113.40591330141622
308,"[132.8715718086, 126.2692145972]",61.618614097899105,113.4174906568087
309,"[132.88573712430002, 126.26797896169997]",61.59110552687594,113.40335294529339
310,"[132.89803222910004, 126.27131834189998]",61.58053545581323,113.39193277714752
311,"[132.92874278540006, 126.26395227529999]",61.58033568275186,113.36037810927851
312,"[132.95143592720007, 126.19044283209998]",61.5343061724472,113.32395236828387
313,"[132.95415211400007, 126.12949526749999]",61.545452553825136,112.72596930727808
314,"[132.96468695110005, 126.12606189600001]",61.52629768392596,112.71496215434419
315,"[132.95222454460006, 126.1054145601]",61.4958976906497,112.32107585546999
316,"[132.97527384370002, 126.11465453050003]",61.478186928961826,112.29946503527374
317,"[132.99568006020002, 126.12717420630001]",61.48769199623993,112.28091299722054
318,"[133.01078602480004, 126.14011631560003]",61.476080695039016,112.26767214119087
319,"[133.01688243050003, 126.10539794300003]",61.468451044587155,112.2569934086681
320,"[133.05303570560005, 126.08741099830004]",61.43765766191733,112.21876441800711
321,"[133.08453821230006, 126.0862550437]",61.44921780131897,112.18738898765403
322,"[133.10801505240005, 126.04021149740001]",61.4162329087748,112.15799113675057
323,"[133.11097187350003, 126.05087257109999]",61.38347317254832,112.15647845731797
324,"[133.07644729440005, 126.05656782329999]",61.390434445406235,112.3957349495592
325,"[133.08522047250005, 126.0864814546]",61.37103053188672,112.5784342295497
326,"[133.09252246780005, 126.09684642899997]",61.35555801940962,112.35484824439517
327,"[133.0994575024001, 126.08076423979996]",61.34013413813187,112.34582309050596
328,"[133.11114542820008, 126.07725799719998]",61.343844717779255,112.33377118048739
329,"[133.1169049698001, 126.08119110629995]",61.30974383985237,111.93463003581499
330,"[133.13018667690005, 126.08866393409997]",61.31722426726368,112.42896267759576
331,"[133.11572207590007, 126.08183190669997]",61.3070931827125,112.44178314729132
332,"[133.13564999690004, 126.07825817449996]",61.32519548314601,112.42154237671463
333,"[133.1588147436001, 126.0730808276]",61.31628297337158,112.39781089688546
334,"[133.1657230890001, 126.08281307079997]",61.28319724862964,112.39297209562686
335,"[133.1811486720001, 126.09108107659995]",61.2619825834242,112.37949599306273
336,"[133.1865868723001, 126.11010749669997]",61.2718327610143,112.37794780660651
337,"[133.21919271290008, 126.09402130809997]",61.28830543705967,112.34279487357182
338,"[133.2175174556001, 126.08063758039998]",61.291959129937695,112.34177741479681
339,"[133.2133632757001, 126.07665994959999]",61.28001485489485,112.34505880083637
340,"[133.19685886480008, 126.06662730979997]",61.29901750839138,112.35924276898592
341,"[133.21685308480005, 126.0210413532]",61.272925246463345,111.84782289285288
342,"[133.20163441450006, 126.03388160160003]",61.28823339705652,111.86443307111935
343,"[133.21651711210006, 126.0465502552]",61.288924192312564,111.85112825047572
344,"[133.22931783440006, 126.07052575930001]",61.288178781665266,111.84121344804396
345,"[133.2422517578001, 125.99275100120002]",61.23259263484047,111.81930712443324
346,"[133.2748526759, 125.94138541280003]",61.17721227977277,111.78097025529806
347,"[133.28198547970007, 125.79417261850003]",61.095120098919196,111.7569415329073
348,"[133.30066462410005, 125.66993512020002]",60.988905157673095,111.7242322437478
349,"[133.3289009688, 125.56896902070004]",60.9113926486985,111.68477370474837
350,"[133.2988430155, 125.40475540180003]",60.77163200602725,111.69629008808676
351,"[133.25359282420004, 125.30940357550004]",60.69836103716106,111.73071879143933
352,"[133.1804571317, 125.09261924500004]",60.521238729693,111.77975729790208
353,"[133.14401998880004, 124.95090028540004]",60.370597555158795,111.27178214915537
354,"[133.17481821450002, 124.80291957760011]",60.25446958418001,111.2265362556237
355,"[133.16891378520003, 124.72376331500007]",60.160545980067944,111.22468308847864
356,"[133.16381733070003, 124.69644876240007]",60.154151958335525,111.22710131973342
357,"[133.18283176340003, 124.70183896490005]",60.17161467818453,111.77550511464621
358,"[133.21577312090005, 124.67907233990007]",60.163065457209775,111.7394325643546
359,"[133.20088806160007, 124.67523460460002]",60.16047294167815,111.75354335330115
360,"[133.21102274550006, 124.69731414920001]",60.15973836911493,111.74695347868209
361,"[133.2119032664001, 124.7205738452]",60.182802213143624,111.74969365810024
362,"[133.2042657398001, 124.72258108290002]",60.166622559916256,111.75755025425318
363,"[133.2027215779001, 124.70299440720001]",60.15485705827383,111.75603529777723
364,"[133.2187022003001, 124.7055537309]",60.167562933518845,111.74064533388794
365,"[133.2329183461001, 124.6970422442]",60.16008726467758,111.72528072319072
366,"[133.2086695073001, 124.68353566869999]",60.1616279019175,111.9812871652693
367,"[133.2039960612001, 124.67424465209999]",60.1643494074747,111.98498586876366
368,"[133.2099195344001, 124.6959467326]",60.14413697387187,111.98131426705805
369,"[133.22428453050006, 124.71068112719999]",60.16786824416622,112.67609574405637
370,"[133.24306320540006, 124.71718958509997]",60.19227564429743,112.65852717173468
371,"[133.25787173780006, 124.72457497689994]",60.21087658069209,112.64501677805794
372,"[133.23297247980005, 124.73678164269997]",60.209300367437535,112.67148581076766
373,"[133.22547736180007, 124.7528978396]",60.207155630642234,112.681351587892
374,"[133.22612070200006, 124.72138813529996]",60.23388099156306,112.67591150991494
375,"[133.21258611250005, 124.74681458099998]",60.2324758209461,112.69316378942129
376,"[133.22778687250005, 124.73194177139997]",60.20486938128179,112.67587295918696
377,"[133.23331336670003, 124.70615980599997]",60.211541008049345,112.66648387546208
378,"[133.24291646690006, 124.70055545499997]",60.1857231648163,112.65613970175825
379,"[133.2467513299, 124.71026014149997]",60.22064488667447,112.6538267701417
380,"[133.2576874328, 124.71711601219997]",60.21368824725819,112.6440624035603
381,"[133.2579281177, 124.73394991779996]",60.18071080895382,112.64639020888166
382,"[133.24314498859997, 124.72746147309994]",60.171196501648694,112.66001140815938
383,"[133.24101422169997, 124.71493714169993]",60.1645862319331,112.66020918452524
384,"[133.24002280739995, 124.69560903819993]",60.158908038477556,112.65824706618754
385,"[133.25114443579997, 124.68799648379995]",60.15822281928332,112.64609695222192
386,"[133.23486088109996, 124.67117301949995]",60.11768428865386,112.65963426593912
387,"[133.24413367599993, 124.68302502349997]",60.11471722979124,112.65227028165505
388,"[133.26657169699993, 124.68144706609998]",60.097729555637905,112.62985319094037
389,"[133.25858581179995, 124.68134843559997]",60.06455180177082,112.63773124584661
390,"[133.29770390099995, 124.66780652679998]",60.03759794173243,112.59700934510903
391,"[133.31282269979994, 124.64073224029997]",60.02130705620581,112.5779544779976
392,"[133.34948479009998, 124.62887119789995]",59.98110469148699,112.53991723535806
393,"[133.31792885129997, 124.58910149359996]",59.98460847671134,112.56508375748665
394,"[133.31685320669993, 124.58245374769999]",59.97074405843168,112.56514136319288
395,"[133.34789777759994, 124.58092882029997]",59.96905367705482,113.36123915367024
396,"[133.32961188189995, 124.5782986828]",59.94608156218877,112.09287053270151
397,"[133.3420671256999, 124.58920549480001]",59.93969328226188,112.0814827240864
398,"[133.34573309719994, 124.56820796669999]",59.914610169442895,112.07588215735123
399,"[133.34119025779995, 124.5556947266]",59.89067667634091,112.07924493166843
400,"[133.34442142999995, 124.5558744446]",59.87389129752279,112.07604432557177
401,"[133.36223584919998, 124.58442935319998]",59.886297621931945,112.06095732151037
402,"[133.37779718259998, 124.55828397799998]",59.9038221620291,112.04303571691914
403,"[133.38162261629998, 124.52177208959998]",59.866665449794034,112.03584656518572
404,"[133.42080622279997, 124.48879486149997]",59.80524589514502,111.99378681454432
405,"[133.4470703004, 124.46936602909999]",59.76850856326402,111.96584528271848
406,"[133.46719556609997, 124.41835280089998]",59.72801332475089,111.94112253997152
407,"[133.48125579229998, 124.38542274759999]",59.66018527960761,111.92411038484009
408,"[133.50072344499998, 124.3940772244]",59.64520485585163,111.90551457901655
409,"[133.5051359131, 124.42139649680001]",59.64602424928996,111.90362050043584
410,"[133.5346735655, 124.37355446900001]",59.634751449828684,111.86983242132096
411,"[133.53936696959997, 124.35970993110004]",59.623674910148296,111.86389636532277
412,"[133.53902854409998, 124.39592693710001]",59.64564866975632,111.8675389160282
413,"[133.5856583853, 124.37361297460001]",59.639108996914295,111.81906564714049
414,"[133.5995986707, 124.38056358929997]",59.671903859541196,111.80581823529715
415,"[133.5969014151, 124.3606163807]",59.691075732193184,111.80668397011503
416,"[133.59806627800003, 124.3747800596]",59.6901203971753,111.80681608792763
417,"[133.61660884450004, 124.3596318601]",59.70592671611614,111.78696885524762
418,"[133.64515236050002, 124.38452266379996]",59.69274881968282,111.76081691696365
419,"[133.67069194060002, 124.39702746399996]",59.67417376571312,111.73652839333973
420,"[133.6751129074, 124.38308535279997]",59.64928865860782,111.73085043552902
421,"[133.69849195100002, 124.39797650419997]",59.64702609189372,111.70893206091878
422,"[133.68910071100004, 124.39121690689997]",59.63525655133594,111.71766505891176
423,"[133.7199547852, 124.38167510389997]",59.65210783157041,111.68606746472696
424,"[133.7229544811, 124.36747294969997]",59.682700556328925,111.68178238944984
425,"[133.7244094381, 124.39479510389998]",59.675129550524744,111.6828321373856
426,"[133.7193171218, 124.40551353599999]",59.661188464462214,111.68888503059614
427,"[133.7130688424, 124.38320379729997]",59.68088386382894,111.6930643572176
428,"[133.7238232471, 124.38552575889999]",59.668968985445424,111.68256744088896
429,"[133.75101043770002, 124.41471936329998]",59.65545705548675,111.65816962467288
430,"[133.77389246549998, 124.42701572729999]",59.61814321373719,111.63651351917963
431,"[133.769676364, 124.42373974469997]",59.611747940905204,111.64041078186352
432,"[133.76340605589996, 124.43043322009999]",59.61897889432323,111.64726964314455
433,"[133.73662342889997, 124.44658996269999]",59.59975825087806,111.6754248443702
434,"[133.7347955237, 124.44100560789998]",59.576343861726976,111.67673114405947
435,"[133.718254309, 124.41374718189999]",59.566616162978136,111.69069838186101
436,"[133.67376952919997, 124.4049136686]",59.56329522528029,111.73418598899742
437,"[133.69202147599995, 124.38829895939998]",59.54253867352531,111.71448955556473
438,"[133.70541502839998, 124.320257642]",59.489704063780636,111.69494704443117
439,"[133.71384897899998, 124.23161037669996]",59.39501450302973,111.67852474374754
440,"[133.70082031409999, 124.14498072569995]",59.33576270521,111.6837280844711
441,"[133.73548698539997, 124.03840816889996]",59.25514298174082,111.63972700145831
442,"[133.69692385979994, 123.8933370172]",59.152229107768704,111.66541062267602
443,"[133.73844903099996, 123.80845168579995]",59.089379127290755,111.61667948165461
444,"[133.7490852534, 123.76653726659997]",59.06601627933415,111.60247021153027
445,"[133.7487679829, 123.70086782289997]",58.9704077155685,111.59715738383908
446,"[133.7545769172, 123.58207207199997]",58.87652283763962,111.58128393304962
447,"[133.75132993020003, 123.41785965219997]",58.72798408391613,111.57078489198668
448,"[133.7751509982, 123.33497124519995]",58.66039824317392,111.54020290035719
449,"[133.7546577518, 123.28927363699995]",58.631317287843984,111.5568810563595
450,"[133.743726799, 123.26986027079994]",58.61379919129362,111.56618990593111
451,"[133.72426637300003, 123.23208176969993]",58.57466590227577,111.58251022244842
452,"[133.7491993512, 123.20994944829994]",58.58472780559319,111.55586355007247
453,"[133.7348431959, 123.20962111269993]",58.57889264970308,111.57014586516085
454,"[133.7294044003, 123.21524639159996]",58.585720359516365,111.57602277220931
455,"[133.7528630973, 123.20298925369997]",58.588449945811256,111.55164789869124
456,"[133.7480012005, 123.18553447749997]",58.6005254820979,111.55508148047245
457,"[133.75093231870002, 123.18478783129999]",58.603359767341715,111.55209959954858
458,"[133.7542664274, 123.18813584869999]",58.597293215593275,111.54904708648849
459,"[133.76285017400002, 123.19627767979996]",58.61309795520109,111.54115018210554
460,"[133.79217655780002, 123.20577294489998]",58.59424240090578,111.51268923001852
461,"[133.78432966310004, 123.18902741779999]",58.5877755045354,111.51915444984796
462,"[133.77496087800003, 123.1716599783]",58.58659991161092,111.52708907295312
463,"[133.78567791680004, 123.1737632847]",58.573050864348915,111.51657686119691
464,"[133.7939979371, 123.16249011299999]",58.57351221678587,111.50737410754306
465,"[133.8029553315, 123.1443008758]",58.58315410647053,111.49698003487262
466,"[133.8202364664, 123.13001756029999]",58.59750570096533,111.47860580216033
467,"[133.80974026419997, 123.15466045189999]",58.60273217296221,111.49105169530188
468,"[133.82915351979997, 123.15910960740001]",58.580153165029905,111.47206040045933
469,"[133.847265116, 123.15906662900002]",58.555739981100324,111.45400435980682
470,"[133.8554815333, 123.17459019620003]",58.561181194300715,111.44706821493253
471,"[133.8700395106, 123.1908573351]",58.58537093466436,111.43387387168221
472,"[133.8779676796, 123.19834233140001]",58.59695277879604,111.42657810807233
473,"[133.8840519622, 123.21685880880003]",58.588346022340104,110.9415972780328
474,"[133.87409861420002, 123.21782362090003]",58.59804820825053,110.95159512247785
475,"[133.8545069121, 123.17457496730003]",58.583308765027795,110.96599573011102
476,"[133.8750548146, 123.17898683150004]",58.58013424474397,110.94610343181266
477,"[133.9042413367, 123.18980825470004]",58.55470406223987,110.9183812411371
478,"[133.91592455760002, 123.17840097570003]",58.58492115337403,110.90544499113378
479,"[133.9110054051, 123.18948768630001]",58.549603444307834,110.91162607913813
480,"[133.89453705809998, 123.16583447930005]",58.5557531008175,110.92521908046155
481,"[133.90173144479996, 123.18027844760005]",58.543914182873884,110.91976025114664
482,"[133.88859747469996, 123.16120045060006]",58.55527679156837,110.93057750265908
483,"[133.8831525856, 123.15462710760006]",58.55240029128355,110.93521877044599
484,"[133.87157027729998, 123.15298026550003]",58.545187360823796,110.94653017773587
485,"[133.8812505272, 123.15311766420001]",58.539646620284,110.93693191549873
486,"[133.88615253279997, 123.14361008980002]",58.55617877798599,111.1581499484958
487,"[133.88544552749997, 123.13908912950001]",58.57815814872132,111.85858809313689
488,"[133.92297187269997, 123.1076463855]",58.5823018478491,111.81603382767804
489,"[133.9554511184, 123.04939719530003]",58.53271919484834,111.77365774211084
490,"[133.96538778519997, 123.0463708529]",58.541007271797774,111.76334025051042
491,"[133.96404813189997, 123.038946393]",58.50991349001561,111.76333212358519
492,"[133.9869499615, 122.99897734810003]",58.4705127787345,111.73366570330849
493,"[134.01827321059997, 122.95179559920003]",58.40075046838949,111.6944398811691
494,"[134.05995632449995, 122.89480319430004]",58.35794590419634,111.64329199544252
495,"[134.09429204669996, 122.86211873170001]",58.284736832401784,111.60370310226133
496,"[134.08382303949998, 122.82067354180002]",58.2088958212396,111.606667543416
497,"[134.1190395299, 122.7625423158]",58.166182502658195,111.56173510547508
498,"[134.11283885699999, 122.74788953800002]",58.16734214669866,111.56525420600273
499,"[134.10982386769996, 122.71010744860001]",58.17580810728226,111.56156716013999
500,"[134.10871445749999, 122.6771381891]",58.20030326770337,111.5568623528178
501,"[134.10508043429994, 122.66121249500002]",58.18437570612458,111.55764315177225
502,"[134.09128711899996, 122.66598184099999]",58.19051933970852,111.5720595237024
503,"[134.10240528039995, 122.65145838769999]",58.18702720826782,111.55856498126788
504,"[134.07519161829998, 122.63387524239995]",58.19690140285808,111.58227370311582
505,"[134.0797925219, 122.63758328879996]",58.185842421882924,111.57839395754765
506,"[134.0577550198, 122.63478598789995]",58.19712062077025,111.6603130713991
507,"[134.02503772469998, 122.63988170249996]",58.16974389458313,111.69340934064947
508,"[134.0467574839, 122.64482792249997]",58.16444740248805,111.67297109948171
509,"[134.0266019971, 122.67183987569999]",58.17493357929707,111.69775738111727
510,"[134.00425266459996, 122.69623050309998]",58.16722939532655,111.7242209045652
511,"[133.9825461267, 122.69133870549999]",58.17976511154368,111.74465279941873
512,"[133.99811612919999, 122.68466184599998]",58.19835811040552,112.50895934539852
513,"[133.97749735449997, 122.70103905209999]",58.144227883979305,111.75140407532966
514,"[133.9847450664, 122.68817060029998]",58.14417861422215,111.7419074002227
515,"[133.9775978158, 122.70269682709998]",58.1515145520848,111.75161117118294
516,"[133.99031609709996, 122.68633608209998]",58.16151514654687,111.73609364112754
517,"[133.9917429123, 122.6807275347]",58.186946873253326,111.7336573595612
518,"[133.99114729649997, 122.6873607363]",58.174405683774374,111.73546561297547
519,"[133.9789502675, 122.68178229809999]",58.1546645596423,111.74642523505698
520,"[134.00074340280003, 122.68383158850001]",58.177024681551394,111.72538333930963
521,"[134.00057573530003, 122.6771131735]",58.20423157004925,111.72430968498075
522,"[133.9961890529, 122.6421714019]",58.21689024627368,111.7221867263696
523,"[133.9918278112, 122.65117026690001]",58.21898340631628,111.72812956941497
524,"[133.98713062440004, 122.63898887770002]",58.196972031062,111.73050502174667
525,"[134.03953774690004, 122.6599147397]",58.235310618165585,111.6828457714884
526,"[134.0905208023, 122.61917977539999]",58.21935986897135,111.62523524887992
527,"[134.1209952694, 122.54705735399999]",58.22056513721564,111.5820328690231
528,"[134.16713059200003, 122.46440324689998]",58.1852226615303,111.52154679664724
529,"[134.17142252060003, 122.4363132789]",58.11678092088221,111.51219734296366
530,"[134.19941609610004, 122.43133305450003]",58.0956171673548,111.48376500458255
531,"[134.21839270470008, 122.28968674290003]",58.001989646898544,111.43933934930816
532,"[134.24352349010005, 122.18889591470001]",57.948729762629455,111.39639160612708
533,"[134.2288321313, 122.05960673409996]",57.867913030273556,111.38758495578551
534,"[134.2477405671, 121.9191183123]",57.78433761012356,111.34387216375069
535,"[134.2635363634, 121.81421107729999]",57.70311643179823,111.30968723194914
536,"[134.2876177257, 121.75058782589998]",57.685450948754486,111.27472575716534
537,"[134.30874527439994, 121.60372243649998]",57.56943110303998,111.22806504597976
538,"[134.3048097761, 121.52946014649997]",57.52524030028203,111.21893247873942
539,"[134.32833516219998, 121.4362226042]",57.49704197712935,111.1795036454971
540,"[134.27587576219997, 121.36517194949998]",57.404001746033934,111.2188241687218
541,"[134.29723858559998, 121.2509344581]",57.33757760009681,111.40409132542864
542,"[134.18656437910002, 121.1456488052]",57.21381417380114,111.26897053313162
543,"[134.20382269840002, 121.04743012560002]",57.175307057899666,111.23518221420056
544,"[134.20190684059997, 121.00255717119998]",57.13723048829359,111.22942959613833
545,"[134.2271782377, 120.97537828960002]",57.12503411987762,111.1999062620157
546,"[134.2201374706, 121.012982376]",57.101140627998014,111.21323839989385
547,"[134.22757805450001, 120.99441798800001]",57.06931521619747,111.20274818160688
548,"[134.20611337170004, 120.9829599047]",57.081120090107234,111.22195295037955
549,"[134.19939597270002, 120.96800979929999]",57.07957654140875,111.2260336760302
550,"[134.22096176270006, 120.90819486610002]",57.04620392699413,111.19464007966526
551,"[134.24669478730002, 120.9154597764]",57.03177885797296,111.17050879797057
552,"[134.21759234810003, 120.93426161160001]",57.0457768678682,111.20237620298191
553,"[134.225104881, 120.88677992570001]",57.0255946006778,111.18693357087773
554,"[134.255253944, 120.9013999668]",57.04925175989749,111.15969256900387
555,"[134.2406974046, 120.89449726720001]",57.061433510377256,111.17287102948784
556,"[134.24643640880004, 120.9284012813]",57.08138759485851,111.17295618843788
557,"[134.24047022030004, 120.85927802939999]",57.04521116699567,111.16714173969923
558,"[134.22545500280003, 120.84488850959997]",57.03275854110012,111.179512464721
559,"[134.18472304980006, 120.77848621829999]",56.99509266457761,111.20847983789778
560,"[134.14303703070004, 120.76951167379997]",56.96167954633808,111.248065341247
561,"[134.14455205680002, 120.71870019309998]",56.949029930317565,111.2380492628378
562,"[134.14453355800003, 120.68099066409997]",56.944355154815185,111.2317570925347
563,"[134.13721342640002, 120.66450092459996]",56.95213573643475,110.71727428353881
564,"[134.17405477610006, 120.59333565799994]",56.88779193378923,110.66859089004849
565,"[134.18692333040005, 120.58164800149994]",56.85146375227348,110.65388494037897
566,"[134.23377464660004, 120.56012639069995]",56.770692525991805,110.604004802845
567,"[134.27147417300003, 120.51357385369994]",56.694837771060676,110.55879328761736
568,"[134.31727882430002, 120.43965148709995]",56.63527606178082,110.50087698937958
569,"[134.35848792010003, 120.38691182279996]",56.58567123495183,110.45471484154746
570,"[134.35721258610002, 120.38255887589996]",56.57498194301788,110.4557771233283
571,"[134.37777649120005, 120.35605244539997]",56.54675096625897,110.43395279915559
572,"[134.3341584908, 120.38372615519997]",56.57606836848192,110.47886070489444
573,"[134.33931963330002, 120.34906003999997]",56.56951392104795,110.472026970483
574,"[134.34064058479998, 120.37374186059998]",56.56867067869133,110.47190166242633
575,"[134.37541614519995, 120.39640891960002]",56.591973077429564,110.43826884720849
576,"[134.37610414579999, 120.37014315069999]",56.57447293428202,110.43630533030233
577,"[134.3967290047, 120.3696191833]",56.56761917167715,110.41567931947927
578,"[134.4383172613, 120.36114312000001]",56.58031632448507,110.3737292416387
579,"[134.4337330608, 120.28968412660002]",56.52824109297167,110.37487121904465
580,"[134.4380348901, 120.17084683870003]",56.44262944395433,111.21446949408053
581,"[134.35833765300004, 120.10883339200004]",56.35726440257488,110.40369191822987
582,"[134.34888665080004, 119.95468843850006]",56.24757630200227,110.38689574397056
583,"[134.283759024, 119.77920089510002]",56.07803059623117,110.42163755666962
584,"[134.28659776350003, 119.67346791470003]",56.00468350255204,110.40122349250645
585,"[134.3083530894, 119.66245822440001]",56.024456871162826,110.37794163949808
586,"[134.29825310830003, 119.63016696900002]",55.97967381318897,110.38254382786086
587,"[134.33177944930003, 119.56165467410003]",55.939636055229805,110.33814140258106
588,"[134.3387168845, 119.52495393230005]",55.91750499193402,110.3252412864493
589,"[134.35923294730003, 119.49598842250003]",55.89813609228567,110.30023245081325
590,"[134.3487930832, 119.49919052880006]",55.922798912744845,110.31105710999162
591,"[134.3684064486, 119.45258653340005]",55.90668530851851,110.2840445677023
592,"[134.35002395790002, 119.46225845310006]",55.898908373790626,109.40623585921098
593,"[134.3634565877, 119.41528632420003]",55.88054029256858,109.38982442605311
594,"[134.34458768990004, 119.39603465860004]",55.87568716435915,109.40742867773893
595,"[134.35854076810008, 119.39345954740003]",55.889327469227126,109.39334007269683
596,"[134.37580455270006, 119.35229653910002]",55.84344065141314,109.37350093012229
597,"[134.39823086960004, 119.31836278029999]",55.818852283797995,109.34897878739382
598,"[134.37916621680003, 119.314409206]",55.832817695737205,109.36775697410921
599,"[134.37545222280005, 119.2792087419]",55.820315296521365,109.36925581274602
600,"[134.34656468490007, 119.24667811050003]",55.81352042949375,109.39605699739221
601,"[134.36042741510008, 119.21067801500004]",55.82650811809944,109.6213498320958
602,"[134.34409075760007, 119.20626912500003]",55.85024699564695,109.63732256152745
603,"[134.3476760379001, 119.20212506270003]",55.81332906733248,109.63344554244618
604,"[134.31480341850008, 119.21243856750002]",55.81244368692543,109.66698101617742
605,"[134.3466955250001, 119.19101163650002]",55.83322673380371,109.63361641568875
606,"[134.34950758820008, 119.14203192630002]",55.823170293452606,109.62726816600373
607,"[134.34031240930008, 119.11436012240003]",55.83176111143461,109.72032599262567
608,"[134.30145324330005, 119.11797965480002]",55.85838248037583,109.75933427942928
609,"[134.2963840149001, 119.08440730030001]",55.84195810218005,109.76021254561522
610,"[134.27953016580005, 119.06994898550002]",55.819621021199175,109.77515264967275
611,"[134.28429815910005, 119.0512183036]",55.83128386906203,110.38714625598925
612,"[134.2484845918001, 119.01218570879999]",55.82014535733813,110.42041633636549
613,"[134.25107051360007, 119.00716537100003]",55.782408468071395,110.41751871833942
614,"[134.23408708920005, 119.00597978860003]",55.79385696494589,110.43439352983536
615,"[134.20326893050006, 118.96941853800001]",55.799800666825995,110.46285104918229
616,"[134.19743701790006, 118.96555577570003]",55.8009124748789,110.46842927054469
617,"[134.19558222600006, 118.94870853870003]",55.80524053612122,110.46922562667511
618,"[134.2062578533, 118.87059871389998]",55.76515481468827,110.45371349184616
619,"[134.2099963846, 118.78638624019999]",55.71714886304459,110.44480667542962
620,"[134.2074274898, 118.72675402040001]",55.66890676514201,110.443744733363
621,"[134.2071617667, 118.7147049307]",55.63983327502252,110.44328120064866
622,"[134.16913781479997, 118.6790432955]",55.65512451722745,110.4790871682517
623,"[134.2030730818, 118.66902943059999]",55.604585510042725,110.44461180446244
624,"[134.1760297808, 118.6311448907]",55.61045591006349,110.46933977295312
625,"[134.2260592158, 118.62144143509998]",55.59325648966215,110.41882075943789
626,"[134.22602778299998, 118.59056945869999]",55.60174385644431,110.41701653913431
627,"[134.2293946939, 118.53131735390001]",55.60502142658398,110.41015651405166
628,"[134.24268714340002, 118.48636571990002]",55.575701473703205,110.39425332702618
629,"[134.2386621374, 118.49513610710001]",55.58359437976504,110.45674176849087
630,"[134.2642995702, 118.5071958145]",55.58105303194046,111.30728294865672
631,"[134.2681873768, 118.51349072100001]",55.59280159116263,111.30409528523347
632,"[134.25732963999997, 118.51780505110003]",55.59959901205839,111.31535445617563
633,"[134.25145313689995, 118.53683556020002]",55.61034948405755,111.32324774418669
634,"[134.22343830379998, 118.53798665250002]",55.634964439647604,111.35122332025011
635,"[134.22122136919998, 118.52696241590002]",55.63735392071813,111.35223903658148
636,"[134.25430636989998, 118.51139997390003]",55.64240667545816,111.31767056026703
637,"[134.26215708119997, 118.49946376840003]",55.64435693750192,111.3085812656407
638,"[134.27320552549998, 118.49060446290001]",55.66815748093185,111.29664446224606
639,"[134.2920946626, 118.47602719730001]",55.69181393820103,111.82961247452891
640,"[134.26306298999998, 118.47556555310003]",55.648299824423745,110.37328206504283
641,"[134.28188153989998, 118.4849456619]",55.6271476717178,110.35504288606028
642,"[134.33578329329998, 118.48516338569999]",55.658080104502666,110.8914420917696
643,"[134.41618783060002, 118.3942566158]",55.64855270010361,110.8052707051493
644,"[134.4507073182, 118.31476137459998]",55.61937082172721,110.76568836937435
645,"[134.48536164369997, 118.19506757779996]",55.543369844321596,110.72347771906776
646,"[134.537673749, 118.14752267889997]",55.518997668120434,110.66827457928818
647,"[134.60018986939997, 117.99979514429997]",55.44817132067776,110.5966987720249
648,"[134.5982606472, 117.84295054030002]",55.34685653620138,110.58908979433228
649,"[134.62832801469997, 117.68534935870002]",55.256620434320176,111.34271043943066
650,"[134.68080606009994, 117.56153794669997]",55.16418293023747,109.19387455182135
651,"[134.67104020259998, 117.41587828139998]",55.076821764652365,109.19528232605677
652,"[134.6962592733, 117.2559456602]",54.971474421542226,109.16116564588953
653,"[134.68212956189998, 117.0553448495]",54.823158056602296,109.16439467584307
654,"[134.71148750389995, 116.85572403599994]",54.69404159333767,109.12461455214604
655,"[134.74443361069996, 116.83364796219993]",54.7018058451684,109.09057700256331
656,"[134.79722600119996, 116.82690212419993]",54.6642272603912,109.03750805380069
657,"[134.7929206671, 116.79814786489996]",54.66964524738072,109.0403369340569
658,"[134.78577749329997, 116.77735885459994]",54.65515394104851,109.0464122216838
659,"[134.78719760129997, 116.78725750569993]",54.662713985401176,109.04549750567939
660,"[134.78108498079996, 116.77629458409993]",54.644530401518814,109.05104458528794
661,"[134.77707732329995, 116.76423151839994]",54.65119071977994,109.0544347885473
662,"[134.80591620299995, 116.75698002199995]",54.686546288771176,109.86916589684513
663,"[134.77148467189997, 116.71942670509996]",54.67774602916041,109.90146550677346
664,"[134.75680616269995, 116.73198558199996]",54.67707714967936,109.91681533841168
665,"[134.73117124819996, 116.75500065039995]",54.665821418224226,109.94368569646886
666,"[134.74153826709997, 116.71865569939995]",54.683041369704895,109.93132375580231
667,"[134.7351970632, 116.70891185849996]",54.679552762248306,109.9371182644318
668,"[134.7389226012, 116.69947202969998]",54.67795428955151,109.9328788995324
669,"[134.7389226012, 116.69947202969998]",54.67795428955151,109.9328788995324
670,"[134.74685730749997, 116.70555811519996]",54.687011228784186,109.92529105266102
671,"[134.71986807249996, 116.71786738329996]",54.72324763618917,110.78010248414422
672,"[134.69779280889995, 116.71842561659996]",54.68312209005703,108.4473952070836
673,"[134.69911171459995, 116.72439832279998]",54.67997345051148,108.44646010862103
674,"[134.67294889459998, 116.7354097544]",54.679380037028615,108.47327291151524
675,"[134.67368453279997, 116.76582809279998]",54.664385286677856,108.47448749166308
676,"[134.68168240649996, 116.76099903499997]",54.66056547466984,108.46619616236566
677,"[134.67179497559997, 116.76120049299996]",54.67186151933172,108.47607614620615
678,"[134.68607561119998, 116.75006649549998]",54.673464682193945,108.46111105780875
679,"[134.70330434059994, 116.76470261679998]",54.652407123668716,108.44485653788315
680,"[134.68183076609998, 116.75249210749996]",54.63504487991399,108.46550260314054
681,"[134.6571849538, 116.71988049889998]",54.60413570951173,108.4880131795832
682,"[134.67398767289998, 116.69882092699996]",54.59510979703669,108.46990348752821
683,"[134.6484645825, 116.66838641899999]",54.58418008515976,108.49344436146828
684,"[134.67605615530002, 116.61448659059995]",54.53276490183068,108.46250905968064
685,"[134.6853395542, 116.55401363649995]",54.48877012376063,108.44946184563733
686,"[134.66709667679999, 116.47825448219997]",54.45212003081435,108.46297932626426
687,"[134.6655423168, 116.38725745669994]",54.38160203659229,108.45896717251811
688,"[134.67022333530002, 116.31088613409995]",54.33431208887906,108.4496839528469
689,"[134.68125399220003, 116.27220151799999]",54.28411322352141,108.4363578539394
690,"[134.68811866440004, 116.21640399949997]",54.20717729622629,108.4261898631348
691,"[134.68648751909998, 116.16663460489997]",54.168706242317775,108.4248849840829
692,"[134.6771168611, 116.10713411419997]",54.17062348590986,108.43076299001268
693,"[134.70695494780003, 116.08193783989996]",54.152857558201916,108.39951265393249
694,"[134.74020126630003, 116.07309930239998]",54.12447840782044,108.6252959538619
695,"[134.75299233260003, 116.04942510590001]",54.10324155622036,108.6108162795743
696,"[134.73695552990003, 116.0180320142]",54.11015182386189,108.62453469410313
697,"[134.76611979700002, 115.98891503990001]",54.12602202688891,108.59334340430219
698,"[134.74988593450007, 115.94576110739999]",54.09819705422253,108.60643220481612
699,"[134.73323603460005, 115.92749456619998]",54.09151558175131,108.62173121206263
700,"[134.72967073720005, 115.92407509879999]",54.10142130329571,108.62504286247453
701,"[134.72547427700005, 115.92393876759999]",54.09023282258938,108.6292188392304
702,"[134.72941278590005, 115.93066900879998]",54.08289824506557,108.62577175923028
703,"[134.73899245230004, 115.92801914649995]",54.04419247264367,108.61602706229293
704,"[134.74430232690005, 115.92041374789997]",54.04281463744897,108.61018698815285
705,"[134.74863686190008, 115.91762569389995]",54.05263844026071,108.6056643099456
706,"[134.73856595790008, 115.90914615639994]",54.07939808451279,108.61510404791649
707,"[134.77313495270005, 115.90430037399996]",54.11264887575404,108.58027741214468
708,"[134.78130365600006, 115.91909450099995]",54.09862146604432,108.5731859988164
709,"[134.76645369520006, 115.94366655559998]",54.084244660622005,108.5897569069276
710,"[134.76392000460007, 115.95263261709997]",54.09393058187853,108.5929272524932
711,"[134.77318605580007, 115.93917052499997]",54.09487233508598,108.58271960222226
712,"[134.78256017170008, 115.94957334629997]",54.110428326010044,108.57411559476253
713,"[134.79961874870008, 115.97614987739996]",54.131867083795186,109.55901057748832
714,"[134.78988042390006, 115.99519164249999]",54.13110633574803,109.57009667446573
715,"[134.80009687260005, 115.99430763029997]",54.1301483156517,108.6035610625507
716,"[134.80770009970007, 115.99115214719997]",54.14293716216795,108.29370992083835
717,"[134.79134757450007, 115.98451135369996]",54.153560585252166,108.30965640837992
718,"[134.78505206370005, 115.97674176269997]",54.15486383106435,108.31549841075719
719,"[134.77454442060008, 115.97370346729997]",54.171871923350345,108.32581580258721
720,"[134.77064193140006, 115.95861272249996]",54.18924392162851,108.32885317340484
721,"[134.78076551460006, 115.97055590909997]",54.17029295395604,108.81103105551333
722,"[134.80045174100005, 115.94735257839997]",54.19500473226351,108.79023503765289
723,"[134.80699384260006, 115.99596942449996]",54.21815612513853,108.78608125541783
724,"[134.87375449340007, 115.96284848119994]",54.17795238152764,108.71777633655205
725,"[134.91091300350004, 115.92071143009994]",54.180900928074706,108.67860865089646
726,"[134.95683051110007, 115.84605387699999]",54.157665332058734,108.62914515379175
727,"[134.99590697160005, 115.8016539985]",54.16732244641692,108.58799598141354
728,"[134.99023741710002, 115.66727750819994]",54.08753349350264,108.58736108167699
729,"[134.9786644179, 115.5426104751]",54.01572979876426,108.59322769808367
730,"[134.95024685750002, 115.39404382979997]",53.91060139094875,107.80465932696077
731,"[134.95275329960003, 115.26183638769997]",53.85292632983536,107.79373296794596
732,"[134.95682093410002, 115.10815951649998]",53.766173897608404,107.78008277976421
733,"[134.93676027400005, 114.98618995409994]",53.6801407170539,107.79265011056162
734,"[134.91818474439998, 114.81105257469999]",53.583300463532304,108.59567994755989
735,"[134.95514639900003, 114.6399456133]",53.490689014502195,108.55224231013005
736,"[134.91476329640003, 114.51748593030001]",53.38086375789954,108.69815137348947
737,"[134.91375782240002, 114.4305887006]",53.35127893382434,108.69463608605501
738,"[134.9213165085, 114.3527874228]",53.27488473945116,108.68309966902244
739,"[134.8979677176, 114.37076565530002]",53.28593198912442,108.70733456749034
740,"[134.9090739567, 114.3162166538]",53.286503133348745,108.69347127275223
741,"[134.91261924290004, 114.33354579230001]",53.2782387449801,108.69080805349968
742,"[134.90737848860007, 114.29328857590001]",53.227896721141136,108.69400780522166
743,"[134.90948681870003, 114.19532657070002]",53.18020645751235,108.68701401596067
744,"[134.94002160620005, 114.16367725690002]",53.14655464733629,108.65495573426777
745,"[134.95693492810003, 114.15564197200003]",53.13030689566354,108.63766799898202
746,"[134.96753713080005, 114.12173640750001]",53.12524582976007,108.62541874203663
747,"[134.95531161950004, 114.1020889405]",53.109862058231,108.6366727873851
748,"[134.91969698350005, 114.10164502980003]",53.11892962399958,108.46823144696887
749,"[134.92678989650005, 114.08740340860003]",53.11873951196864,108.46055561165466
750,"[134.92874325660006, 114.04394833860002]",53.133035109535385,108.65794949521333
751,"[134.93826514680006, 114.04863332610003]",53.12239311827839,108.64866407022163
752,"[134.92432920160005, 114.04317371320002]",53.112064537638304,108.66232119094255
753,"[134.91958481700007, 114.05570200960003]",53.08223866288036,108.66766321711266
754,"[134.91592481660007, 114.0640766597]",53.06933953822302,108.67172292116486
755,"[134.90665234840006, 114.08234246100002]",53.049692665242844,108.68186780228623
756,"[134.96490500840002, 114.07695587980001]",53.06464253294127,108.62342263538542
757,"[134.95499217160005, 114.07503589070002]",53.06980022582092,108.63323091957136
758,"[134.95320655570004, 114.0533959826]",53.06907531087151,108.63396940920097
759,"[134.95692618360005, 114.0645208513]",53.06356603370458,108.6307908267267
760,"[134.93160466390006, 114.05425524940001]",53.07110072940108,108.65558761138362
761,"[134.93981484220004, 114.04854622390002]",53.07372165813163,108.64711197841406
762,"[134.94877156430005, 114.0456952513]",53.06486586734,108.63802841658739
763,"[134.93890698500007, 114.03703927820001]",53.03625405915902,108.64746542632209
764,"[134.92010540790005, 114.04313695699997]",53.03740914578908,108.66653833136598
765,"[134.92399931050005, 114.01873255829997]",53.0631628871242,108.66147816957096
766,"[134.94672446910005, 114.01955179019998]",53.078038683008465,109.13188696792636
767,"[134.94999877100005, 114.02422950499998]",53.06178790136002,109.12882015427884
768,"[134.94836387810005, 114.03300025609997]",53.05955109634792,109.13083720428673
769,"[134.94736797680005, 114.02590902679997]",53.04587718780415,109.13152185794414
770,"[134.93466172380008, 114.01179666489998]",53.021603155195564,109.14359988285945
771,"[134.90931985510005, 114.0057697382]",53.00926740677109,109.16865517853411
772,"[134.90442766460004, 113.9480295022]",52.97477253458526,109.1710449178078
773,"[134.9255159207, 113.97818514570001]",52.98756817497484,109.15127713387456
774,"[134.94954695570001, 113.96146657999999]",53.003710399806494,109.1265461666713
775,"[134.9588260481, 113.96538407349999]",53.00598988009414,109.11744478246747
776,"[134.94045283620005, 113.96958271349999]",53.003153630303885,109.13598219360213
777,"[134.91884930330002, 113.95931537669999]",52.999928453069685,109.15712250612181
778,"[134.9462565135, 113.95689929]",52.994715925147695,109.12963663184546
779,"[134.94858566040003, 113.9618465145]",52.984871483084554,109.12752295666546
780,"[134.96373841210004, 113.98443600639999]",53.00628581451812,109.11336127792154
781,"[134.9733376145, 113.98983318199997]",53.04723738325148,109.97751998564382
782,"[134.97615923439997, 113.98726194079998]",53.05027006428963,109.97460034789653
783,"[134.97066276409998, 113.97680876969999]",53.046185774140966,109.97968609229076
784,"[134.92575106319998, 113.95586914579997]",53.03822108208332,110.0237528156295
785,"[134.95786917499996, 113.97001485739996]",53.05445511596465,109.99220635207321
786,"[134.9632808795, 113.93888508489998]",53.01226604018906,109.98559586054941
787,"[134.93014134119997, 113.90610615129998]",52.97031268329566,110.01745414399653
788,"[134.92395021439998, 113.76208478749999]",52.88478639345977,110.01823505837228
789,"[134.9287791895, 113.59610501509995]",52.787396884191686,109.10388237384583
790,"[134.88808653930005, 113.58919519559997]",52.771800568843936,109.14433775763716
791,"[134.8631921548, 113.57806776659996]",52.75941099893829,109.16887122266596
792,"[134.81906306100004, 113.55928037669997]",52.73607638455976,109.46138880177072
793,"[134.79836268280005, 113.5653201772]",52.727800726776984,109.4822955437959
794,"[134.7701151598, 113.53053456889998]",52.72575290929728,109.50926155665158
795,"[134.80099046290002, 113.50938799079996]",52.740074170916834,109.47764398380221
796,"[134.81929249870004, 113.49528057339995]",52.74477713820829,109.45884732269201
797,"[134.78672794990004, 113.48630801689997]",52.73528377090571,109.49106988145854
798,"[134.76551821770002, 113.41251600939995]",52.7521981994165,109.88717920579644
799,"[134.76615816810002, 113.33315941439996]",52.80799319941773,110.12655718621326
800,"[134.78169131060002, 113.25983632029998]",52.782599117619874,110.1868474738329
801,"[134.73432147030002, 113.16561027099996]",52.775291087939934,109.65831269861224
802,"[134.7384321602, 113.09428569179995]",52.7436654431454,109.26293281696202
803,"[134.71373672040002, 113.02521620209998]",52.744541730013,109.6830534171007
804,"[134.7567495072, 112.98068511519999]",52.784376500153776,108.81562462838255
805,"[134.7508626146, 112.92746858149997]",52.80817624540805,109.34277536637809
806,"[134.7492227484, 112.82221506589998]",52.82357776474525,108.64972588698225
807,"[134.7635936952, 112.73646880519999]",52.799833278227005,109.2561078929975
808,"[134.76201733989998, 112.6476641746]",52.793764780715726,108.50554219847324
809,"[134.70770006719994, 112.5615755145]",52.794253254243706,109.14935670238822
810,"[134.70003454, 112.44658078749998]",52.7868943693886,108.52296116232729
811,"[134.67578954849995, 112.33583374569997]",52.77660592376378,109.22509228289881
812,"[134.6630570106, 112.18648289519999]",52.78848711480805,108.60340489864319
813,"[134.59387136259997, 112.03448381359998]",52.794119008277214,109.25572687690209
814,"[134.59102593039995, 111.88185348610001]",52.81775084517838,108.97636567608778
815,"[134.5232470237999, 111.76263490729998]",52.79119139940055,109.54867522451038
816,"[134.50943408139995, 111.66580501080001]",52.77792514891482,109.12654666564664
817,"[134.46652292319993, 111.53660753290002]",52.80299734744755,109.72537206089905
818,"[134.49991845659994, 111.4210658523]",52.810758944160824,109.4649530188473
819,"[134.46714432439995, 111.31068080159999]",52.812589263638856,109.7566783819223
820,"[134.46728246939995, 111.2135906867]",52.85015517606641,109.59455022610427
821,"[134.49206629939997, 111.0747819401]",52.83825141094616,110.14685896724795
822,"[134.47549012909994, 110.99227270779998]",52.85765390718199,109.91944192168344
823,"[134.47695719419994, 110.9128459885]",52.87031817351345,110.12559371942359
824,"[134.47137909519995, 110.76106970649998]",52.82039295784677,109.90856120918362
825,"[134.43583014459998, 110.6420366503]",52.8024118149701,109.54049836337668
826,"[134.43699286919997, 110.53464863770002]",52.809576418190346,109.72357311255118
827,"[134.44455781549996, 110.46483566469999]",52.82265997598965,109.19650486595349
828,"[134.39158247609996, 110.37773851829999]",52.810095571781716,109.33505334036126
829,"[134.37448995139994, 110.31804908539999]",52.7823751942121,108.36340981829036
830,"[134.35682353539994, 110.2028932405]",52.786344256455266,109.1043767472295
831,"[134.34254209519997, 110.10228967890002]",52.81841101829201,108.5066467577662
832,"[134.29779764289992, 109.9999173864]",52.818056937272,108.62906425962912
833,"[134.27974246219995, 109.89751663120003]",52.837813731812055,108.5518441440826
834,"[134.25202971299993, 109.78774616500003]",52.86493525032065,108.58053297104172
835,"[134.20346927439994, 109.7243151926]",52.84692289158414,108.4659844137466
836,"[134.16378181569996, 109.63492054000002]",52.87316266175917,108.26096541226568
837,"[134.16100060559995, 109.5232683239]",52.886307831280966,108.10751523713722
838,"[134.16588861109997, 109.4179071405]",52.92809567064352,108.94229697653851
839,"[134.12023890829997, 109.33110090269999]",52.936136092758595,108.41265017110302
840,"[134.05785132119996, 109.25517037899999]",52.90789548685961,108.71835600029593
841,"[134.03375262229994, 109.14442081059998]",52.95557112206032,108.38604412667733
842,"[134.02651893079994, 109.01728295619996]",53.005849806472746,108.99747939455028
843,"[133.9883047537, 108.9455820466]",52.98788289186781,108.7157655720118
844,"[133.96213913539992, 108.86873151380001]",53.03438876087115,109.22235352548986
845,"[133.92518249289995, 108.79278827350001]",53.06113216261542,108.79628460737877
846,"[133.89701148359995, 108.71016719060002]",53.0691890793132,109.31799720074059
847,"[133.86870265849996, 108.63825789640005]",53.08120967845966,108.92405745196892
848,"[133.86393815399998, 108.57001036510002]",53.10691933645736,109.39895556171419
849,"[133.85275442209996, 108.48001399530003]",53.11990603876914,110.00605496718933
850,"[133.80336944919995, 108.39162570750004]",53.12008383102096,109.55991628541857
851,"[133.80089683039995, 108.30366642690007]",53.149176728252904,110.34140177325375
852,"[133.79753946679995, 108.20818996570006]",53.18375117773955,109.9734559703911
853,"[133.78366797579994, 108.12929695910005]",53.195505488712676,110.7927187855767
854,"[133.74218660059995, 108.06292837720004]",53.190009602573326,110.33005337573798
855,"[133.70441521719994, 107.97294689850006]",53.19892948391306,110.12597437747243
856,"[133.65144287529995, 107.88242857710003]",53.20961622253799,109.77451416303681
857,"[133.62127205109994, 107.78666335810004]",53.22676061283189,109.62728289206764
858,"[133.59195925549994, 107.70898225840003]",53.23169241421428,109.3206161806693
859,"[133.57081876219993, 107.62823394830004]",53.25375416347868,109.17768686538909
860,"[133.48403060059994, 107.55868125300005]",53.25527757067882,109.57027864000658
861,"[133.45486987269996, 107.44728965410006]",53.232563306750215,108.90736944683141
862,"[133.41598650089992, 107.32935257350006]",53.258135447986334,109.88625307956737
863,"[133.37552945449994, 107.18947428760004]",53.25949037423422,109.38732893640862
864,"[133.33562737699995, 107.11524002260006]",53.22300333397447,109.37396579452619
865,"[133.26601270469996, 107.00333948000005]",53.20119035530128,109.31607984495234
866,"[133.22689692399996, 106.92220099540005]",53.198596451092364,109.57505958811134
867,"[133.19113973919994, 106.76992659280006]",53.23766980913972,109.32147709897397
868,"[133.16583802639994, 106.66898100010006]",53.2106840816506,108.8453969449434
869,"[133.13298762279996, 106.54879836380007]",53.24362952808031,108.76882288158109
870,"[133.10346573039996, 106.45335673530003]",53.256861522756566,109.37493285665191
871,"[133.10545286039994, 106.36460641200003]",53.29182869926434,109.92020530995725
872,"[133.11838926639996, 106.32579275040005]",53.27781356947707,109.8893592446618
873,"[133.13239375479995, 106.21905676430002]",53.280563886821376,109.82316231335336
874,"[133.15199514189996, 106.14696404560006]",53.23821362477276,109.76974199791348
875,"[133.2008812256, 106.07903943790005]",53.204018731687384,109.69319715141168
876,"[133.2469896904, 105.99098785510003]",53.16787564533011,109.60887952674352
877,"[133.30763716449997, 105.87711925500005]",53.128425006959745,109.49899703269615
878,"[133.3594438489, 105.81743686280004]",53.05358357559914,109.42414052009043
879,"[133.3593256139, 105.77700739900003]",53.043772227830075,109.22838265885161
880,"[133.35129450960002, 105.76737494070002]",53.014258017084416,109.23045544335803
881,"[133.3484309437, 105.79257551300005]",53.022780085209206,109.24564524579728
882,"[133.3680858484, 105.76535610690003]",53.016603498718865,109.21493990341847
883,"[133.36922417140002, 105.73715971370004]",53.02097728802729,109.1997310103077
884,"[133.37854203470002, 105.71947809710004]",53.00298748838229,109.1827667121391
885,"[133.37550422450005, 105.71887380860004]",53.01762635360338,109.18508508717623
886,"[133.3653376388, 105.72029961540004]",53.01125914627267,109.19458314054633
887,"[133.38042492870002, 105.71482375210003]",53.01161693108205,109.17879343116239
888,"[133.3880075743, 105.72067680910004]",53.018163275075366,109.17519800216881
889,"[133.36297955570004, 105.73293127520004]",53.04112891366728,109.20299011135452
890,"[133.34297981330002, 105.73284063770005]",52.99218206028087,109.2202141935162
891,"[133.34441566920003, 105.71820311050006]",52.996509998328385,109.21159313720618
892,"[133.32791847650003, 105.71217918830003]",53.01247247496186,109.22280326952541
893,"[133.3052290494, 105.70291925690005]",53.018868595064916,109.23773254793177
894,"[133.2949634687, 105.72591137750004]",53.00889216405703,109.25818717356351
895,"[133.2964674342, 105.70568668880003]",52.98256605278672,109.24669490310187
896,"[133.2797693091, 105.70369165420003]",52.98324074730194,109.2601128545748
897,"[133.27466557879998, 105.69432836880003]",52.96507924719526,109.25980416357218
898,"[133.24584300139998, 105.66968652920002]",52.941237956728195,109.27229416246541
899,"[133.2574821618, 105.65488508170002]",52.944208196756136,109.25478576366524
900,"[133.2387039784, 105.6472538104]",52.93207829529895,109.26717008236947
901,"[133.2407842134, 105.63019739650001]",52.897488948335074,109.25678877809578
902,"[133.20714130969998, 105.63728674889998]",52.88136797974259,109.28942987569538
903,"[133.20855458929995, 105.6391412746]",52.888276420821796,109.28914155199806
904,"[133.1780947182, 105.6228040539]",52.873320922168496,109.30724945990958
905,"[133.15255536359996, 105.60750802039998]",52.80109057057228,109.32163502709847
906,"[133.1023514294, 105.60680271280002]",52.76435984766718,109.36468307708122
907,"[133.10109544469992, 105.55607072409997]",52.72358014289699,109.34028579154763
908,"[133.03557932409996, 105.4712420028]",52.65267642090619,109.35439937702395
909,"[132.9729114148, 105.39197712929996]",52.55646428119658,109.36893494447388
910,"[132.847714236, 105.27416434550001]",52.4204812882418,109.41848040191019
911,"[132.78828249639994, 105.16034694359998]",52.304898634881596,109.41323457405046
912,"[132.6606112029, 104.9850174188]",52.1269224925401,109.4368004852206
913,"[132.62842861389998, 104.81797891629996]",52.00995280979473,109.38192449495668
914,"[132.48152388519998, 104.6955593066]",51.84123842775753,109.44907706938652
915,"[132.3558215607, 104.50909773550003]",51.643220188597795,109.46654598839193
916,"[132.2959296617, 104.32505435889999]",51.49016425947314,109.42830415179101
917,"[132.23132789139999, 104.18304495590002]",51.354509972924845,109.41505858400107
918,"[132.2276636366, 104.07617883239999]",51.29879622415762,109.36601192011445
919,"[132.1856869195, 103.97375204490001]",51.213612008363434,109.35266064429999
920,"[132.13787353620003, 103.90705166940002]",51.11559697320074,109.3619113075673
921,"[132.173662326, 103.76233696730003]",51.00413269748262,109.2602367255012
922,"[132.1897257244, 103.66658618720001]",50.95538429092184,109.19968185941997
923,"[132.16586067660003, 103.42128335070007]",50.765417152432875,109.10169031593536
924,"[132.1547905511, 103.1652203382]",50.60740342940353,108.9877715952696
925,"[132.0838946681, 102.94603585060003]",50.35978607375182,108.9445219392905
926,"[131.9869415576, 102.72119052490001]",50.202032721339634,108.92192199057958
927,"[131.94810504029996, 102.52477543400003]",50.01026758499039,108.86230731381247
928,"[131.8004796822, 102.3153426311]",49.78897851077235,108.89259947862526
929,"[131.69815421739997, 102.07073386199998]",49.613722089286426,108.86694285504261
930,"[131.68276321089996, 101.840071061]",49.475952529984525,108.77176961973835
931,"[131.6517638711, 101.73118949520001]",49.37481856170894,108.74793868417328
932,"[131.63792830490004, 101.55344136740001]",49.25022536240185,108.67678769216374
933,"[131.622425121, 101.44604276169999]",49.17572380245001,108.6402307954758
934,"[131.61287910289994, 101.3723551147]",49.149045930431164,108.61423952363045
935,"[131.62056844749995, 101.30891078500002]",49.09844656892654,108.57782589063001
936,"[131.64321551299994, 101.29680096800003]",49.11406678127351,108.99160010001309
937,"[131.63458953589995, 101.25984667610004]",49.09687021697428,108.98229859905018
938,"[131.66205827469997, 101.26124893450006]",49.12092724275848,108.95853772596314
939,"[131.6453453207, 101.24260388850003]",49.11924879861385,108.96482969926372
940,"[131.62402128249997, 101.23021976130003]",49.13143671488456,108.97809614798634
941,"[131.61442989259996, 101.21446661440002]",49.134751340183094,108.97939515690216
942,"[131.60421327609996, 101.20521850930002]",49.143623241358085,108.98423480948237
943,"[131.63218809189996, 101.17187426720002]",49.14405306358949,108.04171883026966
944,"[131.60387638129995, 101.17325298350002]",49.14796578397403,108.0675614531545
945,"[131.59146930119996, 101.15875062410001]",49.153199446210465,108.07202019770925
946,"[131.58066345559996, 101.13333594970001]",49.18053767438216,107.80790402802519
947,"[131.59373326939996, 101.13637949740003]",49.17802231494311,107.79767883857494
948,"[131.57289952759996, 101.12969036740003]",49.17070840579218,107.8131371435004
949,"[131.56505158879995, 101.13300282350002]",49.15934818616379,107.91332926388188
950,"[131.57320985619998, 101.10493883590004]",49.154065218540275,107.89332392239122
951,"[131.5450429241, 101.12701722390004]",49.14457762063923,107.92844230191028
952,"[131.5573785284, 101.12743728830004]",49.13203560886772,107.91764059533601
953,"[131.55622184829997, 101.13203972720004]",49.12163155424426,107.9207600435996
954,"[131.54609159509997, 101.095565704]",49.11140921707196,107.91323954935972
955,"[131.5362712089, 101.0974525045]",49.10594057924271,107.92284759541204
956,"[131.5324869456, 101.12004756530001]",49.11495524023268,107.9979408017577
957,"[131.5283108107, 101.15223340339999]",49.10641663342344,108.01614073181462
958,"[131.54590713410002, 101.12287875270002]",49.12988827036144,107.9872253213153
959,"[131.5076327306, 101.0802744059]",49.124015008034895,108.00227708895025
960,"[131.5101137076, 101.0827723876]",49.11825781723941,108.00118215349679
961,"[131.48459455559998, 101.07556798780003]",49.10647452216507,108.02074913820933
962,"[131.48954280389998, 101.07435151520002]",49.09949982239411,108.01578146313373
963,"[131.47387934969998, 101.05549177050003]",49.11244318922085,108.02131304920987
964,"[131.48541165899996, 101.01358492140001]",49.103923552338,107.99220593820097
965,"[131.44833247979994, 101.01125332460002]",49.11416130352045,108.0243027543912
966,"[131.49170974419994, 100.98877035690002]",49.140283762115516,107.97544940909732
967,"[131.46676911679998, 100.94408722680001]",49.09825182754461,107.97772229443807
968,"[131.4851895636, 100.9484939059]",49.08895010432282,107.96322742019387
969,"[131.51517118989995, 100.94804579329998]",49.06742371942992,107.93622300005687
970,"[131.53488090669998, 100.88690708749999]",49.002763125918094,107.89121546133144
971,"[131.58595020619998, 100.8318173514]",48.975635128549705,107.82088858455184
972,"[131.60127169039998, 100.75692852979999]",48.91390478094075,107.77368963132018
973,"[131.6208038044, 100.73207699849998]",48.89196268103894,107.74510941385088
974,"[131.66563029750003, 100.66106745279994]",48.822008551860044,107.67328262593021
975,"[131.7531003594, 100.57239858489997]",48.78466612221006,107.55543067963927
976,"[131.84249989479997, 100.46724813279997]",48.68697644177474,107.42851896371403
977,"[131.96627805249997, 100.37978077849998]",48.61076523877319,107.27873170523459
978,"[132.06156758999998, 100.26124464129998]",48.49020987680761,107.14062707223798
979,"[132.1748106367, 100.11041403359997]",48.393869398896975,107.92324196512712
980,"[132.25822340099998, 100.00899842809997]",48.28686051367214,107.80331297362602
981,"[132.3110654845, 99.91737869199999]",48.20244803487301,107.7151413209875
982,"[132.37811045669997, 99.85757277449997]",48.13682701449743,107.62846382237456
983,"[132.40064939039996, 99.76253912429998]",48.08506262297985,107.56595091775402
984,"[132.43172271969996, 99.69140238109999]",47.98369695731998,107.50647124606198
985,"[132.45375559749996, 99.5972138945]",47.94833239062171,107.44487434437511
986,"[132.4616718301, 99.48411755609999]",47.87981418614256,107.3875987970032
987,"[132.4409737973, 99.42439923259997]",47.867402062848356,107.37969747731917
988,"[132.4524781756, 99.33361708929995]",47.80953785701724,107.32921362358115
989,"[132.4673901086, 99.28025874669997]",47.766852264144966,107.29225477632846
990,"[132.45812719600002, 99.18147708659995]",47.74316736678118,107.25696412594823
991,"[132.44808582370004, 99.12586027049996]",47.71028532823793,106.99435640384034
992,"[132.44197824640003, 99.05296750009997]",47.677649708714014,106.967132136299
993,"[132.4139627132, 98.97620572219995]",47.62900252619317,106.95781195739966
994,"[132.4023475288, 98.90998102369998]",47.61803847720962,106.93858918031981
995,"[132.4319846586, 98.86518930870002]",47.57789583285457,106.892062933946
996,"[132.4119530565, 98.8030621017]",47.60920533981378,106.88225560605575
997,"[132.4232859894, 98.76386294359997]",47.60460738698615,106.85462990445487
998,"[132.43561960730003, 98.70908941309999]",47.5693387453534,106.81917758347213
999,"[132.50091781010002, 98.67394549059998]",47.52014374400301,106.7450607030056
1000,"[132.53752948370004, 98.62033124309997]",47.46850467050126,106.6884033602368
1001,"[132.57459550450002, 98.59392898349998]",47.44276790721064,106.64345916734527
1002,"[132.636124443, 98.54201121539998]",47.38229567083389,106.56525323546938
1003,"[132.69325079339998, 98.51302360099997]",47.307257670099524,106.50119536191737
1004,"[132.80793198720002, 98.47108067529996]",47.21064480804105,106.37983086547797
1005,"[132.8620568188, 98.36811549579996]",47.14789427174096,106.28555529499185
1006,"[132.89729163900003, 98.32788667329996]",47.09368311265273,106.2361123848365
1007,"[132.97073135460002, 98.27042718319996]",47.00669243492755,106.14479067762922
1008,"[133.0519680804, 98.18269374849999]",46.93932519612086,106.03304610657631
1009,"[133.1097972231, 98.1412747477]",46.8897209628889,105.9628423496425
1010,"[133.18393369000006, 98.05004526789997]",46.82545491720529,105.85593380997784
1011,"[133.23030817020003, 97.99187769639998]",46.81959305520893,105.78858317029561
1012,"[133.29652334590003, 97.96137010669996]",46.83353270828436,105.71570511412702
1013,"[133.31512587850003, 97.90803417939995]",46.815820734080226,105.67540393064328
1014,"[133.3524763375, 97.84309739949997]",46.80459804685684,105.613171904492
1015,"[133.3469636896, 97.78807881059998]",46.77818342097346,105.59378920622926
1016,"[133.38185001430003, 97.7479641299]",46.7653314409193,105.54476826868509
1017,"[133.38341481710003, 97.70080089169998]",46.735710949072114,105.52253742580992
1018,"[133.35457013750002, 97.66214395420002]",46.68136308035747,105.53136678110124
1019,"[133.3655396202, 97.55791410930004]",46.6553038546987,105.47559243582056
1020,"[133.3771313308, 97.38695489480001]",46.57593311247956,105.39002319480032
1021,"[133.43679793159998, 97.275321548]",46.5557739868651,105.28743327504075
1022,"[133.50993278450002, 97.09019213680001]",46.52332601810438,105.14063236071685
1023,"[133.53468416050003, 96.89024778860005]",46.468157265935226,105.03109024099302
1024,"[133.58389684740004, 96.72738252400002]",46.39747756623125,104.91589984888549
1025,"[133.58479320740003, 96.50276319480001]",46.3156774173352,104.81764759200824
1026,"[133.62031257499999, 96.28107567240004]",46.19508883161238,104.68981204728018
1027,"[133.62485974219996, 96.06153033960005]",46.08013449197814,104.59118954561123
1028,"[133.6454318611, 95.75959865370001]",45.979897129038655,104.44321482770162
1029,"[133.660948456, 95.51975218710002]",45.910477611770084,104.32689062464075
1030,"[133.6606265577, 95.31698270860002]",45.82428444499098,104.24105159568948
1031,"[133.62926870039996, 95.08277101840002]",45.684724225066645,104.62852610883687
1032,"[133.60176844900002, 94.86606769659998]",45.60067229071595,104.56398827845415
1033,"[133.64054318809997, 94.7838150999]",45.59917962677357,104.49475609494088
1034,"[133.66028373679998, 94.74963529850001]",45.611665104600306,104.46269062249065
1035,"[133.65612716369995, 94.70518789209999]",45.591388969742376,104.44818598269819
1036,"[133.62417666739998, 94.70625817170001]",45.57963217221932,104.92900885938403
1037,"[133.60977419089997, 94.70633891160001]",45.58656811754193,104.53426834561424
1038,"[133.65044821189997, 94.63719407320002]",45.522282034444935,104.4695773840631
1039,"[133.66843484840004, 94.61890339540003]",45.52241311698793,104.44582872167186
1040,"[133.665773465, 94.59765083990004]",45.50976709118253,104.43988220132637
1041,"[133.68462958579997, 94.59721708320005]",45.46212644866423,104.42238652650786
1042,"[133.7009060104, 94.51669549970005]",45.398788716528024,104.37566237051378
1043,"[133.66436453679998, 94.38579138220004]",45.34689551400785,104.35772495871991
1044,"[133.68270459739995, 94.37889923930004]",45.31524750529686,104.3381520004336
1045,"[133.68287805239996, 94.33835674580004]",45.31896036345643,104.84998117348566
1046,"[133.72061952939995, 94.29986078360005]",45.32701191128075,104.80032457857239
1047,"[133.71080490309996, 94.33155321030006]",45.35828847377892,104.82158893099631
1048,"[133.74551169489996, 94.33117242930005]",45.34670773403283,104.78941564226515
1049,"[133.72432426129998, 94.28262352710006]",45.35043348571779,104.79026917148003
1050,"[133.74170630449998, 94.24317105670004]",45.3371559980653,104.75904425975432
1051,"[133.72268900479997, 94.23411070940003]",45.36722126653076,104.77311421569705
1052,"[133.6956794539, 94.22761932970005]",45.388707063156474,104.79555221637115
1053,"[133.7096447658, 94.23714794090004]",45.392811055240564,104.78632344530149
1054,"[133.67642245919998, 94.19990843000005]",45.39805969568213,104.80268325628924
1055,"[133.6530711053, 94.15092272920009]",45.40818359327226,104.80544224309418
1056,"[133.6367949731, 94.09576917250006]",45.39890583920418,104.79933083107356
1057,"[133.65719844520004, 94.02741382230008]",45.36616825111008,104.7543108447033
1058,"[133.6873607389, 94.00804454420008]",45.3293829898061,104.71903280463677
1059,"[133.71204353470003, 93.9465331431001]",45.31499985095832,104.67270602785506
1060,"[133.72149908140003, 93.94721888020005]",45.2879365841169,104.66423030233466
1061,"[133.748580992, 93.89607472440007]",45.28268183921124,105.45884694752256
1062,"[133.75409716779998, 93.82669069920004]",45.27642549122711,105.42695105229068
1063,"[133.75588915600002, 93.74497509630004]",45.21241519534727,105.39377392366339
1064,"[133.71048572460003, 93.63183745160002]",45.15973746028123,105.39213079167615
1065,"[133.70955357640003, 93.48979719070002]",45.05269487718593,105.33847584449919
1066,"[133.61404952499998, 93.30774738220003]",44.96059890160971,105.35712086332268
1067,"[133.61170310250006, 93.05530768040002]",44.78701061916318,105.26326185549439
1068,"[133.58360324440002, 92.75897667680002]",44.68005777225438,105.17722638369344
1069,"[133.57091793080002, 92.42591874900003]",44.51397807654504,105.06392483781265
1070,"[133.57227996829997, 92.11436646579999]",44.374416466858456,104.94650520600064
1071,"[133.59390725269998, 91.82394223060003]",44.19677174927828,104.8188444908325
1072,"[133.5574279791, 91.46233247760001]",44.04385438867741,104.71981023400201
1073,"[133.5236820331, 91.13852473030003]",43.7554033881848,104.63312699658229
1074,"[133.43840854409993, 90.78158961830002]",43.57231345740329,104.58351561274203
1075,"[133.435095001, 90.47292739980001]",43.37999621243801,104.47585791102748
1076,"[133.42736273160006, 90.17841457030003]",43.18330968529668,104.3781557726316
1077,"[133.41116284049997, 89.94641261430004]",43.04473073089613,104.3111704725309
1078,"[133.37814755850002, 89.83870261190005]",43.017945509041866,104.30409534059667
1079,"[133.3883362739, 89.69834732090003]",42.87397108251568,104.24522864588894
1080,"[133.4248382425, 89.5026345384]",42.74399058142791,104.14251586962399
1081,"[133.48367736440002, 89.36187816200005]",42.65317695503524,104.03827117308876
1082,"[133.53630902749993, 89.19022489160002]",42.57678618634052,103.92923992479066
1083,"[133.54908263419992, 89.01683810030005]",42.50591087454453,103.85720607271477
1084,"[133.60640220009998, 88.87075081080003]",42.39286587019523,103.75299373896064
1085,"[133.59901470299994, 88.69045620550003]",42.34036109541803,103.69794799572395
1086,"[133.6042466882, 88.66075562420002]",42.297061750155756,102.90590651275674
1087,"[133.65747960589997, 88.54154561260003]",42.26709931044589,102.81450918655543
1088,"[133.7502322899, 88.37629309340005]",42.21592687476585,102.67016631947004
1089,"[133.8298851372, 88.27624489520005]",42.127929546784095,102.56080115723229
1090,"[133.84543587339996, 88.09974163010001]",42.098514255734926,102.48528049921255
1091,"[133.9847573944, 87.98487057600005]",41.98451037286714,102.31493510397641
1092,"[134.06054543299996, 87.78977200200002]",41.93127275796726,102.17679629417854
1093,"[134.21255499699996, 87.64224508440002]",41.83319299163453,101.98349356698473
1094,"[134.22426203059996, 87.5042179685]",41.78846703280536,101.92541063977245
1095,"[134.30223503219997, 87.3820746249]",41.70491000859763,101.81054568426026
1096,"[134.33859470659993, 87.22667769770001]",41.64011470442929,101.72365044423205
1097,"[134.38653481859996, 87.12236514389997]",41.53534968745891,101.64326848369642
1098,"[134.41071772399997, 87.05400906130001]",41.46222920347294,101.5974387684239
1099,"[134.42697370429994, 87.0151442183]",41.459425146890105,101.56903554092061
1100,"[134.40622891489994, 87.02244213969998]",41.484392862654865,101.59102627162449
1101,"[134.41811678049993, 87.0131441988]",41.451849681704914,101.5767011226414
1102,"[134.4109924091999, 87.02888376439999]",41.420372685320096,101.58871152436322
1103,"[134.41059792859994, 87.0026669587]",41.3921631606886,101.58025229930301
1104,"[134.41454322769994, 86.9819027113]",41.390457261581126,101.5695473461623
1105,"[134.42963771529992, 86.94777603099999]",41.36786615715339,101.54385171861354
1106,"[134.4538933957, 86.87250344669998]",41.35041891643888,101.4957142330309
1107,"[134.45909852419996, 86.7914787184]",41.35153917305756,101.46363739686765
1108,"[134.50384695899996, 86.72432358059996]",41.328254539510084,101.39898798811137
1109,"[134.5476557452, 86.57304616969999]",41.299197577939566,101.30717121839035
1110,"[134.54669772239995, 86.33422173009998]",41.211229391163464,101.22870539078392
1111,"[134.55941130219998, 86.08125731249999]",41.14428767435207,101.13317875829918
1112,"[134.50852510949994, 85.94696076269999]",41.07258535121369,101.13713608210927
1113,"[134.5123783613, 85.74102080380003]",40.98052938541962,101.06618294534145
1114,"[134.51622104069995, 85.59752999010001]",40.888115808203494,101.01586925808506
1115,"[134.51247158179996, 85.36698169580002]",40.81003032922579,100.94479747098688
1116,"[134.55448355459998, 85.29387762920004]",40.79267463985796,100.88146170263437
1117,"[134.57909994789998, 85.21336703910004]",40.7688993594113,100.83224712437602
1118,"[134.58042111679998, 85.19168203120003]",40.7730250032742,100.82402702320692
1119,"[134.60072622139995, 85.157505326]",40.77538180738406,100.79382141668998
1120,"[134.59677719569993, 85.12401986850004]",40.774055256944266,100.78681670882865
1121,"[134.63885861519998, 85.099800692]",40.78974353512822,100.7391910712604
1122,"[134.62519119809997, 85.0902419498]",40.75712980803944,100.74907285976255
1123,"[134.63297218009996, 85.1030660572]",40.78200128703041,100.74581372186586
1124,"[134.62458013759996, 85.1187822217]",40.79368269197507,100.7588027757151
1125,"[134.64752601269998, 85.15660175859998]",40.77986608550117,100.74920982295008
1126,"[134.6254180483, 85.11894970179999]",40.78446930202734,100.75806286384774
1127,"[134.63075520039993, 85.0985226111]",40.79792642634064,100.74645690724837
1128,"[134.65501597779996, 85.1075497425]",40.797402075549854,100.72637221914677
1129,"[134.64401958979997, 84.99964353909998]",40.834100077727676,101.69380359908973
1130,"[134.69058341109996, 84.8848410729]",40.763445769079915,100.68197456505499
1131,"[134.686794255, 84.72535635379998]",40.73990808404711,100.63517895737938
1132,"[134.72405433149996, 84.56995031740001]",40.70525638559317,100.5509200862779
1133,"[134.76037933849994, 84.5190554753]",40.67007063809264,100.50045969057317
1134,"[134.77142989379996, 84.44000169129998]",40.633945405911184,99.46971716061842
1135,"[134.78819637789994, 84.40615921309998]",40.64719035830538,99.443231534682
1136,"[134.79214652799993, 84.39370233089998]",40.61485611886842,99.4355951098328
1137,"[134.78240749479994, 84.39175208179999]",40.59090836908325,99.44424131880989
1138,"[134.78355518529995, 84.3519787187]",40.55458572420419,99.43076341823077
1139,"[134.79871199429996, 84.36719983729998]",40.5319920778432,99.42109926515725
1140,"[134.82640087519994, 84.36623332389998]",40.52517848409865,99.39448684820806
1141,"[134.80548822359992, 84.38249133479998]",40.56174455066994,99.41942402237959
1142,"[134.85679832889997, 84.36600587739999]",40.554487017533134,99.36553161010205
1143,"[134.86992452789997, 84.3839238251]",40.55465413302405,99.35864469784688
1144,"[134.89270238699996, 84.3809844909]",40.53179605264977,99.33608604543866
1145,"[134.91262776409997, 84.3877615296]",40.554762114096874,99.75815013523415
1146,"[134.94002416729995, 84.3785732786]",40.546668912292205,99.72925739943638
1147,"[134.94619430269998, 84.31789555809999]",40.54769859769576,99.70498510002821
1148,"[135.0303548361, 84.3550286637]",40.57468996491331,99.63604122763799
1149,"[135.0707336289, 84.28720699210002]",40.5523490659879,99.57700068485411
1150,"[135.07517760159996, 84.27396499380002]",40.540376976559294,99.5687547537594
1151,"[135.15796458479997, 84.22603598940003]",40.53445394131149,99.47534301827035
1152,"[135.16411833709998, 84.18516789890002]",40.468501294157576,99.4571170151834
1153,"[135.2051102873, 84.06505170700004]",40.43591260455416,99.38178752008747
1154,"[135.21276985170002, 83.93551321460004]",40.336513135321894,99.33552913399164
1155,"[135.23440434970004, 83.79041670210003]",40.23042709625841,99.27143232440636
1156,"[135.23847898639997, 83.64628029100004]",40.118743497254734,99.22456113831471
1157,"[135.19836390399996, 83.48384467100003]",40.04699130759471,99.21466758459796
1158,"[135.26139867489997, 83.33640909610001]",40.03460599105149,99.11089961233809
1159,"[135.19729344700002, 83.12400155369998]",39.852763714374554,99.10979534697863
1160,"[135.21211580920001, 82.9574613003]",39.74009836791401,99.04700956467029
1161,"[135.19993700880002, 82.93514362490001]",39.71129101904111,99.05216670451641
1162,"[135.21965896740002, 82.87283056710001]",39.66503307216752,99.01518624696864
1163,"[135.18783437640002, 82.8772157223]",39.65390693879888,99.0469131299511
1164,"[135.1885888362, 82.88711598709999]",39.614478135069156,99.04906584693477
1165,"[135.18072503460002, 82.87187595110001]",39.60022408300392,99.05216631465666
1166,"[135.1748317989, 82.83103552870001]",39.5811413626762,99.04596044649624
1167,"[135.1573461845, 82.82593967300001]",39.56397715452419,99.06121887561983
1168,"[135.1727514697, 82.84168162070002]",39.56159486187938,99.0510377338444
1169,"[135.17716486310002, 82.8287143748]",39.561219966876315,99.04305475684471
1170,"[135.18549945600003, 82.83755535799999]",39.5733469471591,99.03764096979633
1171,"[135.20172916350006, 82.8346503809]",39.55645670084268,99.02126616801795
1172,"[135.20509773860005, 82.83336033660002]",39.56804365496552,99.01766824970741
1173,"[135.21220185810003, 82.83043095020003]",39.57839738551833,99.0100199305136
1174,"[135.27159039319997, 82.80488579960002]",39.53141455029165,98.94577605293169
1175,"[135.3097938489, 82.75596812070002]",39.45886905849861,98.8950390642689
1176,"[135.3035546282, 82.71322753639998]",39.45209102840408,98.88864532300354
1177,"[135.2955084938, 82.72343253489998]",39.47128859372445,98.89929859989893
1178,"[135.28289219290002, 82.7145269036]",39.470328818918375,98.90880109788625
1179,"[135.30914091620002, 82.7269261063]",39.47089138700313,98.8872592775975
1180,"[135.32831900970004, 82.72266153010001]",39.476872520617384,98.86766748423373
1181,"[135.34687405080004, 82.7254677488]",39.49145624555898,98.85071787887956
1182,"[135.3704183129, 82.7025022627]",39.48795742177654,98.82153674457106
1183,"[135.36567898080003, 82.69776365399998]",39.47785313436183,98.82470326517482
1184,"[135.3936251668, 82.6858727794]",39.46828187137869,98.79451263159311
1185,"[135.3800596828, 82.69344134399998]",39.489679601246095,98.80968705622462
1186,"[135.35548205320003, 82.66858609799999]",39.522286688521625,98.82603264819697
1187,"[135.32356042730004, 82.65319222629999]",39.52013416360688,98.85214987511961
1188,"[135.31707070180002, 82.5407697905]",39.54844088741515,98.82597649764303
1189,"[135.3630007248, 82.4414944582]",39.511296611275796,98.75347268435259
1190,"[135.32941743030005, 82.36866531769999]",39.59175824971922,98.76479243418225
1191,"[135.37715216360002, 82.273797499]",39.565875826502946,98.69194992053434
1192,"[135.39902226100003, 82.17300331599996]",39.60087089481644,98.64227865533972
1193,"[135.4429786503, 82.07149993519997]",39.595326084390436,98.57130915662059
1194,"[135.44914769450003, 82.00638448609998]",39.604065370092705,98.54694894369837
1195,"[135.43138354020002, 81.96850619229997]",39.602000388774194,98.55327806670412
1196,"[135.4622688539, 81.93948364129997]",39.63047265509299,98.51545278293491
1197,"[135.48286392730006, 81.90511045569998]",39.66348131388347,98.48599377640771
1198,"[135.50102341110005, 81.9123941032]",39.69469239557404,98.47062729284791
1199,"[135.50197304220004, 81.91555831389998]",39.69692792567747,98.47060931417082
1200,"[135.51260033380004, 81.91223861499999]",39.691538351673906,98.4594771340806
1201,"[135.47916297560005, 81.9099626085]",39.71731855463541,97.97570543465626
1202,"[135.45134575080004, 81.9285190397]",39.70529798939972,98.0075404598787
1203,"[135.48318158800004, 81.9062477488]",39.70735874210349,97.97082340921021
1204,"[135.45232402790006, 81.92632586579997]",39.6877709721913,98.00599898918423
1205,"[135.49185374570007, 81.91263444509998]",39.64356602465999,97.96423106413553
1206,"[135.52352101700006, 81.88568262809999]",39.606349833370984,97.92639578805002
1207,"[135.55010413100007, 81.84890114349999]",39.607928626085084,97.89076634419614
1208,"[135.57845763260005, 81.85455390199998]",39.56483512747635,97.86503900196793
1209,"[135.62358315280005, 81.80887388669997]",39.51413887486859,97.80914575088092
1210,"[135.70834070390003, 81.73714786259995]",39.4435427644282,97.70802847716706
1211,"[135.74908008690002, 81.63654132569997]",39.35818537063258,97.64143225088633
1212,"[135.79691692350005, 81.60265690669998]",39.324923578460606,97.58618663377962
1213,"[135.84564021350002, 81.57804848379998]",39.28859233216615,97.53261069913393
1214,"[135.8231018375, 81.55293132539995]",39.279630159054136,97.54748493508126
1215,"[135.872322093, 81.53765961439996]",39.225298650775784,97.49596749424863
1216,"[135.86286825660002, 81.47760852129997]",39.18478031433464,97.48879472956034
1217,"[135.89526055730002, 81.47087960889998]",39.14070128934167,97.45579031220507
1218,"[135.9309353978, 81.40292375839998]",39.0865959876671,97.41824336289969
1219,"[135.9046863514, 81.39349697369998]",39.09641351861271,97.43942199319062
1220,"[135.92294989069995, 81.36232372689997]",39.07393931744849,97.41126852028114
1221,"[135.93905397159998, 81.26258758529997]",39.01904122746031,97.3608062807592
1222,"[135.9365548168, 81.24093910629998]",39.01239123278028,97.3554690534098
1223,"[135.9918946946, 81.18551597119999]",39.00983254430726,97.28408496599734
1224,"[136.0053657197, 81.12720014489997]",39.01061416088054,97.25085118134925
1225,"[136.0105366613, 81.10423939589998]",39.016905437725796,97.23789743618374
1226,"[136.0033072865, 81.0343981699]",38.99010809364225,97.1754694798613
1227,"[135.95129097460003, 80.9425570718]",38.99944436627505,97.29734461346831
1228,"[135.89308614460003, 80.84747426639998]",38.99620986720755,97.50446199993578
1229,"[135.80622106820002, 80.7074059268]",38.93414868260217,96.87741538239186
1230,"[135.7402237831, 80.6305637363]",38.94575901938237,96.69232485162408
1231,"[135.7068649944, 80.5249526279]",38.93969659214545,96.33609860214547
1232,"[135.72195401440004, 80.41802172569999]",38.97579990440122,97.26581866414651
1233,"[135.67091260870004, 80.36680662309999]",38.966206937382516,96.72315249872963
1234,"[135.6710102538, 80.2430075146]",38.982308686773386,96.56822335346146
1235,"[135.56396738650002, 80.1372905549]",38.96058869444584,96.16677392911538
1236,"[135.55263810390005, 80.00680932899999]",38.92205874764199,95.93726336534773
1237,"[135.49835599579998, 79.9804114914]",38.85180439660453,95.21238873472954
1238,"[135.44316559249998, 79.8820658827]",38.83505759655368,95.3562365761513
1239,"[135.34705567890006, 79.78410843730003]",38.80420764224023,94.73186443539647
1240,"[135.28279244299992, 79.65610066450002]",38.79428274986885,94.97482613893311
1241,"[135.2287149729, 79.4844731171]",38.70311407716043,94.25749899490732
1242,"[135.10563773369995, 79.28095153230001]",38.60153000671779,94.00006526982588
1243,"[135.06302797789996, 79.015635101]",38.535839229404715,93.44064389162044
1244,"[134.9307753496, 78.75828359439998]",38.41251732000927,92.90142986210886
1245,"[134.81737791340004, 78.5666565969]",38.33569851494777,92.8860476381033
1246,"[134.6986902657, 78.35985705920001]",38.26416091608933,92.3039752717542
1247,"[134.5967277528, 78.17992633969999]",38.22848030335484,92.25695827634847
1248,"[134.4645893984, 77.88435585029998]",38.09544779659322,91.97813205004877
1249,"[134.37563308110006, 77.7110427455]",38.00623124077116,91.47306802079238
1250,"[134.23125143360002, 77.57132419790003]",37.87829585322738,91.18911735332154
1251,"[134.13752778730003, 77.3760998509]",37.719964293517755,90.98870016125595
1252,"[133.98251812770002, 77.2063671784]",37.60966246441581,90.14112233739561
1253,"[133.8758338329, 77.05131865340002]",37.54532641519593,90.11172123962689
1254,"[133.73502630529998, 76.98781564280003]",37.45677134383259,89.44654782742604
1255,"[133.68928466460002, 76.9311803299]",37.40761570553989,89.05255575310802
1256,"[133.6641787063, 76.87199478500001]",37.40259203921423,89.78643104843194
1257,"[133.60196348239998, 76.88148232040001]",37.33963692771024,89.04680946475867
1258,"[133.50013214470005, 76.8425214799]",37.319068494813926,88.2953967719883
1259,"[133.4019910739, 76.80366437010002]",37.25542919055481,88.46936041666916
1260,"[133.3039452682, 76.76090437700002]",37.208993564169,88.06462390613017
1261,"[133.2133125452, 76.76448511250001]",37.14855436487883,87.18810609910625
1262,"[133.12909205690002, 76.7128319107]",37.09595305450836,86.97938533791654
1263,"[133.02348149610006, 76.72088338020001]",37.0499440768888,86.1401635258253
1264,"[132.93231873250005, 76.74243369210001]",37.015144984346165,85.24454997214822
1265,"[132.84296750680002, 76.70379847500001]",36.9875904322019,85.18537496426146
1266,"[132.75623050240003, 76.6739997456]",36.94202378438829,84.26479385312801
1267,"[132.65618019160004, 76.6654946069]",36.858472667933334,83.56953483809787
1268,"[132.56498861800006, 76.67611315850002]",36.81768775040167,83.10546473631756
1269,"[132.46917226580004, 76.6728250166]",36.71382334425253,82.2212715107633
1270,"[132.36831578680003, 76.6617643678]",36.6344091882449,81.51969715816111
1271,"[132.2731300069, 76.68474972819998]",36.583155184716546,80.62819288739445
1272,"[132.18932807650003, 76.67122131979998]",36.497447148250416,79.84509092997777
1273,"[132.0967823132, 76.68887830409999]",36.40827576927282,79.27782432088397
1274,"[131.99738732880002, 76.6722475654]",36.35584185021915,78.47006935761075
1275,"[131.93649242560002, 76.68384684209998]",36.31322013816643,77.76359452371439
1276,"[131.82235211809999, 76.70059701449998]",36.24081698319203,77.07772288622387
1277,"[131.72807008130002, 76.71946098339998]",36.17195045905096,76.77024804872762
1278,"[131.6350217733, 76.6931116731]",36.11590198494908,76.46169207240668
1279,"[131.5075015439, 76.68502262569999]",36.045770654424615,75.59046101544162
1280,"[131.4497710238, 76.62845067619999]",36.03130466422313,75.79102256431752
1281,"[131.36812572969998, 76.62612870529999]",35.982335455739815,75.43075657372322
1282,"[131.2699457717, 76.64453118509999]",35.9000424528446,74.521052457644
1283,"[131.1771354593, 76.60821986059999]",35.84987588905476,74.32549389251922
1284,"[131.07555308219997, 76.58923088609998]",35.81151460306612,73.55380415493805
1285,"[130.9914813469, 76.62902841749998]",35.740708527814924,72.92076572329519
1286,"[130.9099523204, 76.6487257972]",35.69552298586522,72.56444662526513
1287,"[130.86042185780002, 76.6328036223]",35.69575825781416,72.31749896400973
1288,"[130.78756464, 76.63193785349999]",35.648576894468206,72.01591493833553
1289,"[130.71107936220002, 76.64073123889999]",35.60475658753753,71.6919126087264
1290,"[130.59004523610002, 76.61589995429999]",35.544601064527434,71.20793570215878
1291,"[130.48433977310003, 76.60170025889998]",35.50883649604361,71.18570205077064
1292,"[130.38057238420004, 76.5951042326]",35.453456730720184,70.42159326552415
1293,"[130.29874587330002, 76.60845505699999]",35.356464438176424,70.47699757127815
1294,"[130.2313257457, 76.5383643613]",35.3205214143217,69.90327164798931
1295,"[130.12905045999997, 76.4781370847]",35.286634613527774,70.14961125805797
1296,"[130.0484757794, 76.42067986669997]",35.16533192951651,70.13245134263694
1297,"[129.98528725240004, 76.30151581579997]",35.05709827190652,69.3819118305195
1298,"[129.85193998609998, 76.1526411591]",35.0738643772461,69.67191489770828
1299,"[129.831078289, 76.03270644169999]",34.97087494154522,69.08676838692905
1300,"[129.8080872753, 75.84675411119997]",34.93601805256529,69.49259526629854
1301,"[129.7466715191, 75.66786223029997]",34.83659488441387,69.3958207288183
1302,"[129.70149261340003, 75.5462403938]",34.80761074226186,69.33246618184975
1303,"[129.66893373320002, 75.44118345409998]",34.63585608966157,69.27368822218864
1304,"[129.58092026570006, 75.2103166695]",34.517683212042364,69.15569443771251
1305,"[129.4872424328, 74.94901390489999]",34.34380270980448,69.01908063901752
1306,"[129.43508372049996, 74.67734999829997]",34.18443097999868,68.84821886429731
1307,"[129.40234021840004, 74.31485138480001]",33.92486781157221,68.59697307621637
1308,"[129.27783550970008, 73.91713830420002]",33.667308128280894,68.38126015443288
1309,"[129.17328654769997, 73.56570185800001]",33.34267402795739,68.18854941670008
1310,"[129.10466895879998, 73.20901637060001]",33.12552294392899,67.9692818356454
1311,"[129.01218960370002, 72.812525238]",32.855061227947324,67.73791916297792
1312,"[128.99815586609998, 72.4156332294]",32.52550098165671,67.45478283796207
1313,"[128.96392048520005, 72.1050909968]",32.26238777352146,67.2498552877411
1314,"[128.95404084950002, 71.94179328549998]",32.13375084396323,67.13689523388824
1315,"[128.9516224527, 71.79975233130003]",31.976340246423433,67.03459730786786
1316,"[128.9419772905, 71.6888343854]",31.911549321406007,66.96011230936617
1317,"[128.9049174869, 71.564491206]",31.797082161278567,66.89468858773466
1318,"[128.90108221249997, 71.50840653239999]",31.760512293001398,66.85642186419382
1319,"[128.85591701500002, 71.450320688]",31.77553669115756,66.84504427419621
1320,"[128.78203654440003, 71.38135412700001]",31.75347862293954,66.84554182593924
1321,"[128.82685387369997, 71.3479392808]",31.734874138158087,66.79047824221983
1322,"[128.80615661369995, 71.27565522590002]",31.715213838430238,66.75215070239027
1323,"[128.8209844652, 71.27784238180003]",31.73567276511226,67.69844083854503
1324,"[128.76788633050003, 71.22001033410001]",31.681506396242092,67.69259285656908
1325,"[128.79134092540005, 71.18984942940003]",31.667958373524357,67.65455113293534
1326,"[128.81359146430003, 71.15928970230001]",31.626114808124168,67.61704333169045
1327,"[128.85082363980004, 71.1583815563]",31.613458828895855,67.590893780587
1328,"[128.8183836901, 71.1199133727]",31.595216154086298,67.58506771622046
1329,"[128.7931914906, 71.12573332100001]",31.54480675439315,67.60656505727762
1330,"[128.82545957579998, 71.0706406089]",31.44907285453067,67.54432761473784
1331,"[128.7835409327, 70.98024451760001]",31.357191685920508,67.50728096638287
1332,"[128.8189920057, 70.97756660700001]",31.302562925057828,67.4810088179339
1333,"[128.8284105895, 70.79990360049999]",31.191669357523935,67.34537806678695
1334,"[128.8262079067, 70.68490720439999]",31.062658638006713,67.26340350598419
1335,"[128.86820092600001, 70.54497028639997]",30.898640197076176,67.13300104545901
1336,"[128.87001268699998, 70.40223668969998]",30.77845440328627,67.0283515069896
1337,"[128.87594905579996, 70.29571157089997]",30.675488445440386,66.9471750354839
1338,"[128.84610566529997, 70.16557369479997]",30.54647951990575,66.87376027741833
1339,"[128.80060664510003, 70.0800322866]",30.469484680208573,66.84353440249384
1340,"[128.7226070087, 69.9756285343]",30.394873234503144,66.82241073910555
1341,"[128.6018107291, 69.88400953919998]",30.28368068594331,66.84049215390608
1342,"[128.5651988116, 69.75141739219997]",30.194370511526856,66.7708434276416
1343,"[128.4696348007, 69.7020272075]",30.113973348519675,66.80212858396433
1344,"[128.39886987609998, 69.6732347302]",30.049060203159687,66.83096165599403
1345,"[128.32340423820006, 69.49936940289996]",29.98764158520371,66.75959792208452
1346,"[128.3131624425, 69.28758927329997]",29.861335247411592,66.61589041058183
1347,"[128.29342484280002, 69.12224098000002]",29.754931120592538,66.51220826056708
1348,"[128.25177892730005, 68.99333848430001]",29.71303778059597,66.45007143770933
1349,"[128.33589566370003, 68.8352102571]",29.63500408928715,66.27865683763828
1350,"[128.3173925998, 68.72516328380001]",29.65688357799721,66.21381153410749
1351,"[128.37147259359998, 68.59724971039998]",29.52329351762517,66.08511353231366
1352,"[128.40691769300003, 68.49569896669999]",29.52075176655043,65.98826969924168
1353,"[128.4503116013, 68.394542401]",29.48167014280671,65.88610777341815
1354,"[128.5004285558, 68.20457770119998]",29.45614336309346,65.71657268817813
1355,"[128.6459347846, 68.04194362679999]",29.37876969870074,65.48049397683164
1356,"[128.7737993943, 67.9131661418]",29.26807571833639,65.29906381351518
1357,"[128.8448062259, 67.7308473596]",29.252265518361938,65.1214806673086
1358,"[128.9695658421, 67.586755803]",29.185604647176444,64.93168516080101
1359,"[129.02676418939996, 67.48791362450001]",29.21571873597883,64.82197003856648
1360,"[129.0698541544, 67.42153932659998]",29.17224266781294,64.74492518285592
1361,"[129.14363232099996, 67.3746398009]",29.10548869563079,64.65921728112451
1362,"[129.2024011799, 67.36064768199999]",29.091114196991757,64.60713311825823
1363,"[129.2291119235, 67.29390855640001]",29.082698848812655,64.54164423488453
1364,"[129.2715540579, 67.232823694]",29.058646357276924,64.46872829328322
1365,"[129.3442174292, 67.1775905997]",28.950157191460576,64.37805564154137
1366,"[129.4042461581, 67.12333942400002]",28.903132096898222,63.61420278840295
1367,"[129.4486259119, 67.06781536060002]",28.863870012210697,63.54394439861183
1368,"[129.49726371729997, 66.98437657570001]",28.774481794774584,63.451653104427464
1369,"[129.55217373999997, 66.90229973640002]",28.738156688111914,63.35567829133063
1370,"[129.60849259859998, 66.80879972860002]",28.67787366017454,63.25094750882697
1371,"[129.68398397220002, 66.66312283350001]",28.593753681839143,63.09683632508907
1372,"[129.74561102680002, 66.53527936980001]",28.515728185996355,62.965042850441016
1373,"[129.72533679849997, 66.46085205000001]",28.47595376437888,62.92979060433781
1374,"[129.77792541259998, 66.35428875450002]",28.447295495535208,62.81911529425297
1375,"[129.7754239331, 66.11068984820002]",28.278765497958233,62.65709178748161
1376,"[129.82452857789997, 65.9280106746]",28.202456310495283,62.49809935196048
1377,"[129.84429001219996, 65.83357477160003]",28.11114283651723,62.42014983291613
1378,"[129.86161137849996, 65.67852260200002]",28.051793071829838,62.303525961181805
1379,"[129.824947597, 65.581807698]",27.951566524709623,62.26621105723035
1380,"[129.7697592724, 65.49635739099999]",27.897552408399047,62.250365319524086
1381,"[129.6962906224, 65.24544628580001]",27.796201203288806,62.138458018712775
1382,"[129.7526618586, 65.12173665480002]",27.75016237856936,62.01423819673387
1383,"[129.6887572313, 64.91945868950002]",27.646888984064713,61.92835870922585
1384,"[129.6419467398, 64.76417666299999]",27.56794983598274,61.86115357135344
1385,"[129.59887989560005, 64.681640735]",27.510399857983046,61.83927836695564
1386,"[129.56102585870002, 64.44301423159999]",27.420618646644687,61.71126363688561
1387,"[129.49766323640003, 64.36360449049998]",27.363620253412883,61.70722336947308
1388,"[129.39246773690004, 64.29094988380001]",27.281500151863042,61.739464391809896
1389,"[129.35734021960002, 64.22070065569999]",27.22156411593837,61.720327567593586
1390,"[129.24946930320002, 64.177555203]",27.166491950118903,61.92274402702636
1391,"[129.172139142, 64.07437591559999]",27.09144617986723,61.91131958300429
1392,"[129.1132083723, 63.9868413168]",27.039942433443148,61.896859030374536
1393,"[129.0593107153, 63.952497333800004]",27.005110301083864,61.91420168727826
1394,"[128.9779660048, 63.901963145399996]",26.976155075419,61.941354864384266
1395,"[128.9652072097, 63.864646933899984]",26.94596361545544,61.92610867498678
1396,"[128.9640297961, 63.83741570709998]",26.952311296343066,61.908912472421214
1397,"[128.8688697017, 63.7555157684]",26.890213804103198,61.92586052952489
1398,"[128.78646641379999, 63.6639224575]",26.830346007320895,61.92707810901673
1399,"[128.78616666259992, 63.65949494800001]",26.833916939797255,61.92437795604011
1400,"[128.70502525189994, 63.66668807209999]",26.77309833099873,61.990060663687444
1401,"[128.5868492063, 63.6628465545]",26.746936747527833,61.6511941207825
1402,"[128.5144409979, 63.62239486989997]",26.678966097073875,60.67802695130473
1403,"[128.44580328880002, 63.560828240999975]",26.653700040510895,61.14202826578859
1404,"[128.4075420453, 63.48439363869998]",26.68319891788234,60.27320464618662
1405,"[128.3802121092, 63.41198801289999]",26.71799165256838,61.18914514432223
1406,"[128.405271162, 63.31807225189998]",26.69866130308153,60.236139371375536
1407,"[128.39662363949998, 63.140470604300006]",26.664619010092384,60.59822214007654
1408,"[128.43671069889996, 63.053371918699995]",26.57988765278154,60.043799935759246
1409,"[128.4502603878, 62.86016765519999]",26.495550703403477,59.570215909521615
1410,"[128.4366305278, 62.68665840820002]",26.48479110808718,58.95070380964989
1411,"[128.40037106410003, 62.525513177499995]",26.42092706096482,58.4359902755855
1412,"[128.40457529219998, 62.3504120294]",26.403655194756567,57.60037208001975
1413,"[128.43689330249998, 62.1445948993]",26.318833656758688,56.858105998475615
1414,"[128.43874655909997, 61.935538291]",26.285634822955515,57.32932471666481
1415,"[128.4044696531, 61.83186450980001]",26.21018729508057,56.416161986891865
1416,"[128.3431624557, 61.81127569529999]",26.14291945171526,56.10460686164723
1417,"[128.2484445745, 61.7597030062]",26.09451834802736,55.25617669292753
1418,"[128.218071666, 61.6873513094]",26.114286011536514,55.614861208203216
1419,"[128.1076537118, 61.66198761579999]",26.11165143684799,55.30166328813915
1420,"[128.04316102790003, 61.645636081499994]",26.035305578502918,54.35653749047632
1421,"[127.93742308700001, 61.6579280308]",26.002743399948276,54.44985668648389
1422,"[127.89710485740001, 61.6279450655]",25.98769923324502,53.59209042992797
1423,"[127.86547118620001, 61.625375076600015]",25.909120442569446,52.86754426656309
1424,"[127.87209617660002, 61.643918330199995]",25.925511772816648,53.65032884830717
1425,"[127.84456957820002, 61.64526726189999]",25.896612045703655,53.011829601796826
1426,"[127.8001141755, 61.641745656999994]",25.874401200314427,53.87547299839
1427,"[127.75729641370005, 61.59443188129999]",25.833817439780937,53.186735064435055
1428,"[127.75493847600002, 61.62167185649999]",25.80306627494438,52.37672510005462
1429,"[127.72472097449997, 61.63219802819998]",25.757657188290487,52.4038285338488
1430,"[127.66740604869997, 61.58395453039997]",25.669702426516622,52.40205819434684
1431,"[127.6110898347, 61.56650912359999]",25.583014650476553,52.42375510592187
1432,"[127.59430070179998, 61.4767253644]",25.50215639385125,52.36439168411505
1433,"[127.5193162251, 61.3576918284]",25.379087668642114,52.31903683022172
1434,"[127.4792794288, 61.30398754849998]",25.315768789692928,52.302601274463875
1435,"[127.41206713870004, 61.1494558002]",25.181531793448645,52.22535371338689
1436,"[127.29999729579998, 60.99627370929999]",25.027449769019814,51.59357630279954
1437,"[127.2621789274, 60.81046979509999]",24.839206292792607,51.47909206896558
1438,"[127.21609663979999, 60.6799195658]",24.706794941580334,51.4118630610672
1439,"[127.21012250100003, 60.4794514738]",24.565457131417883,51.26603992243882
1440,"[127.0750907518, 60.20405744199999]",24.39603798328457,51.15116962808843
1441,"[126.99299970340002, 59.808337939100014]",24.18185941674408,50.91332247539702
1442,"[126.75941106629998, 59.446110801699994]",23.92454838281339,50.55733448550061
1443,"[126.6697904083, 59.1155529956]",23.729182304276932,50.371227386155205
1444,"[126.52681187489999, 58.810826937399995]",23.56799076319452,50.24183026882364
1445,"[126.46635779389995, 58.608938779]",23.47602341830423,50.13393976246548
1446,"[126.39818671189994, 58.45564229570001]",23.364537989669508,50.06758567350913
1447,"[126.33343812400003, 58.319176582299995]",23.288248841616387,50.394589942741824
1448,"[126.2418357197, 58.141048550600004]",23.18487157685014,50.32898526102334
1449,"[126.2112449604, 58.02851152300001]",23.115444966443537,50.268988130960224
1450,"[126.20400517360002, 57.883204745499995]",23.08642730164068,50.16939724865922
1451,"[126.141656686, 57.73212802770003]",22.989389916036394,50.10428058033626
1452,"[126.06613434509998, 57.64971456220002]",22.88766181643662,50.097935304978314
1453,"[126.06758082380001, 57.49325056149999]",22.79942040375529,49.98507746608848
1454,"[126.03442093479998, 57.39307094599999]",22.705374581811284,49.936843456753884
1455,"[126.00759603110001, 57.319661882499986]",22.653677498680352,49.9033852698417
1456,"[125.9731175254, 57.265252007300006]",22.62272277768228,49.88891558095825
1457,"[125.84726817819997, 57.08210972840001]",22.592570015934257,49.84771104582086
1458,"[125.76434737839996, 56.9589918502]",22.582180932835755,49.81935764091355
1459,"[125.77676660380003, 56.755005916399995]",22.460854163680622,49.666785249567944
1460,"[125.74349576149996, 56.5566923659]",22.403307119628952,49.84240837130026
1461,"[125.63739273919998, 56.31905155839997]",22.281392179724936,49.7417886113743
1462,"[125.55370949339998, 56.1189364892]",22.130177487901186,49.654053201389495
1463,"[125.35130056009999, 55.84668499879999]",21.992849621761124,49.59738744214265
1464,"[125.30063896430003, 55.59879199590001]",21.884913461710617,49.45451226161483
1465,"[125.22725579790003, 55.25212742160001]",21.65674320969328,49.257972212013705
1466,"[124.93617721540002, 55.05493910969999]",21.513318169423812,49.322753817838226
1467,"[124.65747693499999, 54.71775807180002]",21.290925584460552,49.650936565288625
1468,"[124.42855849590002, 54.35784924839998]",21.03540228022744,49.575921611876815
1469,"[124.3773496422, 53.97479028959999]",20.780113692821818,49.35676715808158
1470,"[124.19573515780002, 53.560630923399984]",20.53240026191692,49.216658111446364
1471,"[124.0089513236, 53.2977516873]",20.239880258065124,49.183540004287096
1472,"[124.05586632909998, 53.10799776190001]",20.070469051466358,49.02356998898672
1473,"[124.15450751550001, 52.87085023609998]",19.8571335116342,48.79373238515249
1474,"[124.2413887015, 52.62137706100001]",19.697310926272895,48.565046007596706
1475,"[124.25721341769993, 52.37834770459999]",19.635499078038517,48.39493801297177
1476,"[124.42475045429997, 52.13209332439998]",19.447557893345103,48.107709863565965
1477,"[124.53543034689997, 51.919578933700016]",19.30103829089894,47.885801084454215
1478,"[124.73728421049998, 51.67367997890001]",19.189863666361074,47.57286854692958
1479,"[124.78167208349996, 51.475523991200006]",19.067269969569384,47.41121103311376
1480,"[124.9677197881, 51.22426797120001]",18.994674466832734,47.10716929198826
1481,"[124.97812006609998, 50.895299448900005]",18.941839256975694,46.88852088014705
1482,"[125.12650537390003, 50.5767895616]",18.802361026694882,46.571223828827215
1483,"[125.21652687960002, 50.39999975660001]",18.784687337809146,46.3893987571936
1484,"[125.32143059600001, 50.06922629939997]",18.70836439682119,46.09881789914332
1485,"[125.40850770960006, 49.8023074285]",18.624643338633966,45.86301912995452
1486,"[125.57407350060001, 49.602317356099995]",18.546407071824046,45.608556277060224
1487,"[125.64344757740004, 49.36931865440001]",18.53489389401811,45.40846906397312
1488,"[125.7925517896001, 49.05757680950001]",18.521714002259195,45.09737907647517
1489,"[125.99498793140009, 48.804354411100014]",18.50345892918702,44.781333563660596
1490,"[126.20143739780008, 48.4811383699]",18.514536175269082,44.418863381671
1491,"[126.40247544740004, 48.18527364130001]",18.576210013614375,44.07789352135743
1492,"[126.66391449220002, 47.780188774999985]",18.52885721662127,43.62238172886128
1493,"[126.92577787380006, 47.28434336040001]",18.45113417700757,43.11164164061721
1494,"[127.29751297829998, 46.98282107599999]",18.545196074811148,42.63314343400644
1495,"[127.50252437049996, 46.52383008289999]",18.521659087009365,41.77702777490251
1496,"[127.82559586650001, 46.04313934890002]",18.573988811949942,40.86430752534307
1497,"[128.0975323533, 45.501374623299995]",18.593021813158806,40.74872758315574
1498,"[128.38049783019997, 44.913942224799996]",18.62751615068463,40.01617671385411
1499,"[128.7819808414, 44.34916340089998]",18.75520925162099,39.72753291193645
1500,"[129.11573261780003, 43.87389922709998]",18.922456037999684,39.32228986521715
1501,"[129.390921988, 43.35686500579999]",19.007910456081614,38.80409511925088
1502,"[129.5203120944, 42.86392704549999]",19.182579359615687,37.869249285753995
1503,"[129.691235105, 42.384353141899986]",19.290329276829272,37.615298181148475
1504,"[129.8982930823, 41.84942916610001]",19.39730296671201,36.316844684520596
1505,"[130.18207526829997, 41.335290578599995]",19.392906934524646,36.22062346785174
1506,"[130.39277413559995, 40.872927240599985]",19.41121391589443,35.947979157832634
1507,"[130.60018732429998, 40.41136951800001]",19.468809654369757,34.6837295250461
1508,"[130.6979871412, 39.891867558299985]",19.545528319030606,35.20410336528353
1509,"[130.8758720062, 39.41440030140001]",19.506429672679452,35.102854013068345
1510,"[131.054098073, 38.85686702380001]",19.418284705047192,34.968249741120424
